0 1 326
1 1 327
0 2 329
1 2 326
2 2 331
0 3 329
1 3 326
2 3 329
3 3 328
0 4 328
1 4 333
2 4 330
3 4 328
4 4 329
0 5 332
1 5 324
2 5 326
3 5 331
4 5 323
5 5 333
0 6 353
1 6 362
2 6 358
3 6 356
4 6 365
5 6 357
6 6 361
0 7 368
1 7 371
2 7 378
3 7 366
4 7 359
5 7 379
6 7 376
7 7 365
0 8 384
1 8 382
2 8 389
3 8 391
4 8 389
5 8 378
6 8 386
7 8 391
8 8 381
0 9 389
1 9 385
2 9 385
3 9 406
4 9 392
5 9 395
6 9 382
7 9 392
8 9 393
9 9 399
0 10 393
1 10 380
2 10 397
3 10 401
4 10 381
5 10 389
6 10 394
7 10 400
8 10 405
9 10 385
10 10 395
0 11 427
1 11 412
2 11 416
3 11 417
4 11 420
5 11 414
6 11 413
7 11 415
8 11 417
9 11 422
10 11 419
11 11 417
0 12 430
1 12 436
2 12 433
3 12 431
4 12 431
5 12 438
6 12 421
7 12 430
8 12 420
9 12 431
10 12 435
11 12 430
12 12 420
0 13 442
1 13 443
2 13 440
3 13 438
4 13 441
5 13 446
6 13 435
7 13 439
8 13 437
9 13 436
10 13 446
11 13 441
12 13 435
13 13 441
0 14 440
1 14 437
2 14 447
3 14 439
4 14 442
5 14 440
6 14 440
7 14 448
8 14 439
9 14 448
10 14 442
11 14 433
12 14 441
13 14 445
14 14 444
0 15 452
1 15 449
2 15 443
3 15 445
4 15 450
5 15 448
6 15 453
7 15 447
8 15 448
9 15 443
10 15 443
11 15 449
12 15 446
13 15 445
14 15 449
15 15 447
0 16 453
1 16 458
2 16 454
3 16 459
4 16 452
5 16 457
6 16 451
7 16 458
8 16 452
9 16 453
10 16 455
11 16 455
12 16 454
13 16 453
14 16 456
15 16 456
16 16 456
0 17 454
1 17 458
2 17 458
3 17 458
4 17 455
5 17 455
6 17 452
7 17 459
8 17 457
9 17 455
10 17 459
11 17 459
12 17 457
13 17 456
14 17 460
15 17 458
16 17 457
17 17 457
0 18 460
1 18 458
2 18 459
3 18 458
4 18 456
5 18 457
6 18 458
7 18 455
8 18 455
9 18 459
10 18 459
11 18 457
12 18 460
13 18 457
14 18 459
15 18 458
16 18 458
17 18 459
18 18 458
0 19 460
1 19 459
2 19 458
3 19 459
4 19 458
5 19 455
6 19 458
7 19 459
8 19 459
9 19 457
10 19 459
11 19 459
12 19 457
13 19 460
14 19 458
15 19 458
16 19 457
17 19 457
18 19 459
19 19 456
0 20 461
1 20 458
2 20 460
3 20 460
4 20 460
5 20 457
6 20 460
7 20 456
8 20 459
9 20 457
10 20 459
11 20 459
12 20 457
13 20 459
14 20 459
15 20 460
16 20 460
17 20 459
18 20 460
19 20 458
20 20 457
0 21 459
1 21 458
2 21 460
3 21 460
4 21 457
5 21 461
6 21 459
7 21 457
8 21 459
9 21 459
10 21 458
11 21 461
12 21 458
13 21 460
14 21 460
15 21 459
16 21 458
17 21 459
18 21 457
19 21 460
20 21 458
21 21 456
0 22 459
1 22 460
2 22 461
3 22 461
4 22 461
5 22 461
6 22 460
7 22 458
8 22 458
9 22 458
10 22 459
11 22 459
12 22 460
13 22 456
14 22 458
15 22 458
16 22 460
17 22 460
18 22 459
19 22 458
20 22 458
21 22 458
22 22 461
0 23 459
1 23 458
2 23 460
3 23 460
4 23 459
5 23 461
6 23 457
7 23 460
8 23 460
9 23 461
10 23 460
11 23 460
12 23 461
13 23 461
14 23 460
15 23 461
16 23 460
17 23 460
18 23 457
19 23 459
20 23 460
21 23 459
22 23 461
23 23 461
0 24 461
1 24 461
2 24 461
3 24 461
4 24 461
5 24 461
6 24 460
7 24 460
8 24 461
9 24 461
10 24 461
11 24 461
12 24 458
13 24 460
14 24 461
15 24 459
16 24 460
17 24 461
18 24 461
19 24 461
20 24 459
21 24 459
22 24 461
23 24 461
24 24 460
0 25 460
1 25 460
2 25 461
3 25 460
4 25 461
5 25 461
6 25 461
7 25 461
8 25 460
9 25 460
10 25 461
11 25 461
12 25 461
13 25 460
14 25 461
15 25 461
16 25 461
17 25 459
18 25 461
19 25 460
20 25 461
21 25 461
22 25 460
23 25 460
24 25 460
25 25 461
0 26 461
1 26 461
2 26 461
3 26 459
4 26 461
5 26 461
6 26 461
7 26 461
8 26 460
9 26 461
10 26 460
11 26 461
12 26 461
13 26 459
14 26 461
15 26 460
16 26 460
17 26 460
18 26 461
19 26 461
20 26 461
21 26 461
22 26 461
23 26 461
24 26 461
25 26 460
26 26 461
0 27 461
1 27 461
2 27 461
3 27 461
4 27 461
5 27 461
6 27 461
7 27 460
8 27 460
9 27 461
10 27 461
11 27 461
12 27 460
13 27 461
14 27 460
15 27 461
16 27 460
17 27 461
18 27 461
19 27 460
20 27 461
21 27 461
22 27 461
23 27 461
24 27 461
25 27 461
26 27 461
27 27 461
0 28 461
1 28 461
2 28 461
3 28 461
4 28 460
5 28 461
6 28 461
7 28 460
8 28 460
9 28 461
10 28 461
11 28 461
12 28 461
13 28 460
14 28 461
15 28 461
16 28 461
17 28 461
18 28 461
19 28 461
20 28 460
21 28 461
22 28 461
23 28 461
24 28 461
25 28 461
26 28 460
27 28 461
28 28 461
0 29 461
1 29 461
2 29 461
3 29 461
4 29 461
5 29 461
6 29 461
7 29 461
8 29 461
9 29 460
10 29 461
11 29 461
12 29 461
13 29 461
14 29 461
15 29 461
16 29 461
17 29 461
18 29 460
19 29 461
20 29 461
21 29 461
22 29 461
23 29 461
24 29 461
25 29 461
26 29 461
27 29 461
28 29 461
29 29 461
0 30 461
1 30 461
2 30 461
3 30 461
4 30 461
5 30 461
6 30 461
7 30 461
8 30 461
9 30 461
10 30 459
11 30 460
12 30 461
13 30 461
14 30 461
15 30 459
16 30 461
17 30 461
18 30 461
19 30 461
20 30 461
21 30 460
22 30 461
23 30 461
24 30 461
25 30 460
26 30 461
27 30 461
28 30 461
29 30 461
30 30 461
0 31 461
1 31 461
2 31 461
3 31 461
4 31 461
5 31 461
6 31 461
7 31 461
8 31 461
9 31 459
10 31 460
11 31 461
12 31 461
13 31 461
14 31 461
15 31 461
16 31 461
17 31 461
18 31 461
19 31 461
20 31 461
21 31 461
22 31 461
23 31 461
24 31 460
25 31 461
26 31 461
27 31 461
28 31 461
29 31 461
30 31 461
31 31 461
0 32 461
1 32 461
2 32 461
3 32 461
4 32 461
5 32 461
6 32 461
7 32 461
8 32 461
9 32 461
10 32 461
11 32 461
12 32 461
13 32 461
14 32 461
15 32 461
16 32 461
17 32 461
18 32 461
19 32 461
20 32 461
21 32 461
22 32 461
23 32 461
24 32 460
25 32 461
26 32 461
27 32 461
28 32 461
29 32 461
30 32 461
31 32 461
32 32 461
0 33 461
1 33 461
2 33 461
3 33 461
4 33 461
5 33 461
6 33 461
7 33 461
8 33 461
9 33 461
10 33 461
11 33 461
12 33 461
13 33 461
14 33 461
15 33 461
16 33 461
17 33 461
18 33 461
19 33 461
20 33 461
21 33 461
22 33 461
23 33 461
24 33 461
25 33 461
26 33 461
27 33 461
28 33 461
29 33 461
30 33 461
31 33 461
32 33 460
33 33 461
0 34 461
1 34 461
2 34 461
3 34 461
4 34 461
5 34 461
6 34 461
7 34 461
8 34 461
9 34 461
10 34 461
11 34 461
12 34 461
13 34 461
14 34 461
15 34 461
16 34 460
17 34 461
18 34 461
19 34 461
20 34 461
21 34 461
22 34 461
23 34 461
24 34 461
25 34 461
26 34 460
27 34 461
28 34 461
29 34 461
30 34 461
31 34 461
32 34 461
33 34 461
34 34 461
0 35 461
1 35 461
2 35 461
3 35 461
4 35 461
5 35 461
6 35 461
7 35 461
8 35 461
9 35 461
10 35 461
11 35 461
12 35 461
13 35 461
14 35 461
15 35 461
16 35 461
17 35 461
18 35 461
19 35 461
20 35 461
21 35 461
22 35 460
23 35 461
24 35 461
25 35 461
26 35 461
27 35 461
28 35 461
29 35 461
30 35 461
31 35 460
32 35 460
33 35 461
34 35 461
35 35 461
0 36 461
1 36 461
2 36 461
3 36 461
4 36 461
5 36 461
6 36 461
7 36 461
8 36 461
9 36 461
10 36 461
11 36 461
12 36 461
13 36 461
14 36 461
15 36 461
16 36 461
17 36 461
18 36 461
19 36 461
20 36 461
21 36 461
22 36 461
23 36 461
24 36 460
25 36 461
26 36 461
27 36 461
28 36 461
29 36 461
30 36 461
31 36 461
32 36 461
33 36 461
34 36 461
35 36 461
36 36 461
0 37 461
1 37 461
2 37 461
3 37 461
4 37 461
5 37 461
6 37 461
7 37 461
8 37 461
9 37 461
10 37 461
11 37 461
12 37 461
13 37 461
14 37 461
15 37 461
16 37 461
17 37 461
18 37 461
19 37 461
20 37 461
21 37 460
22 37 461
23 37 461
24 37 461
25 37 461
26 37 461
27 37 461
28 37 461
29 37 461
30 37 461
31 37 461
32 37 461
33 37 461
34 37 461
35 37 461
36 37 461
37 37 461
0 38 461
1 38 461
2 38 461
3 38 461
4 38 461
5 38 461
6 38 461
7 38 461
8 38 461
9 38 461
10 38 461
11 38 461
12 38 461
13 38 461
14 38 461
15 38 461
16 38 461
17 38 461
18 38 460
19 38 461
20 38 461
21 38 461
22 38 461
23 38 461
24 38 460
25 38 461
26 38 461
27 38 461
28 38 461
29 38 461
30 38 461
31 38 461
32 38 461
33 38 461
34 38 461
35 38 461
36 38 461
37 38 461
38 38 461
0 39 461
1 39 461
2 39 461
3 39 461
4 39 461
5 39 461
6 39 461
7 39 461
8 39 461
9 39 461
10 39 461
11 39 461
12 39 461
13 39 461
14 39 461
15 39 461
16 39 461
17 39 461
18 39 461
19 39 460
20 39 461
21 39 461
22 39 461
23 39 461
24 39 461
25 39 461
26 39 461
27 39 461
28 39 461
29 39 461
30 39 461
31 39 461
32 39 461
33 39 461
34 39 460
35 39 461
36 39 461
37 39 461
38 39 461
39 39 461
0 40 461
1 40 461
2 40 461
3 40 461
4 40 461
5 40 461
6 40 461
7 40 461
8 40 461
9 40 461
10 40 461
11 40 461
12 40 461
13 40 461
14 40 461
15 40 461
16 40 461
17 40 460
18 40 461
19 40 461
20 40 461
21 40 461
22 40 461
23 40 461
24 40 461
25 40 461
26 40 461
27 40 461
28 40 461
29 40 461
30 40 461
31 40 461
32 40 460
33 40 461
34 40 461
35 40 461
36 40 461
37 40 461
38 40 461
39 40 461
40 40 461
0 41 461
1 41 461
2 41 461
3 41 461
4 41 461
5 41 461
6 41 461
7 41 461
8 41 461
9 41 460
10 41 461
11 41 461
12 41 461
13 41 461
14 41 461
15 41 461
16 41 461
17 41 461
18 41 461
19 41 461
20 41 461
21 41 461
22 41 461
23 41 461
24 41 461
25 41 461
26 41 461
27 41 461
28 41 461
29 41 461
30 41 461
31 41 461
32 41 461
33 41 461
34 41 461
35 41 461
36 41 461
37 41 461
38 41 461
39 41 461
40 41 461
41 41 461
0 42 461
1 42 461
2 42 461
3 42 461
4 42 461
5 42 461
6 42 461
7 42 461
8 42 461
9 42 461
10 42 461
11 42 461
12 42 461
13 42 461
14 42 461
15 42 461
16 42 461
17 42 461
18 42 461
19 42 461
20 42 461
21 42 461
22 42 461
23 42 461
24 42 461
25 42 461
26 42 461
27 42 461
28 42 461
29 42 461
30 42 461
31 42 461
32 42 461
33 42 461
34 42 461
35 42 461
36 42 461
37 42 461
38 42 461
39 42 461
40 42 461
41 42 461
42 42 461
0 43 461
1 43 461
2 43 461
3 43 461
4 43 461
5 43 461
6 43 461
7 43 461
8 43 461
9 43 461
10 43 461
11 43 461
12 43 461
13 43 461
14 43 461
15 43 461
16 43 461
17 43 461
18 43 461
19 43 461
20 43 461
21 43 461
22 43 461
23 43 461
24 43 460
25 43 461
26 43 461
27 43 461
28 43 461
29 43 461
30 43 461
31 43 461
32 43 461
33 43 461
34 43 461
35 43 461
36 43 461
37 43 461
38 43 461
39 43 461
40 43 461
41 43 461
42 43 461
43 43 461
0 44 461
1 44 461
2 44 461
3 44 461
4 44 461
5 44 461
6 44 461
7 44 461
8 44 461
9 44 461
10 44 461
11 44 461
12 44 461
13 44 461
14 44 461
15 44 461
16 44 461
17 44 461
18 44 461
19 44 461
20 44 461
21 44 460
22 44 461
23 44 461
24 44 461
25 44 461
26 44 461
27 44 461
28 44 461
29 44 461
30 44 461
31 44 461
32 44 461
33 44 461
34 44 461
35 44 461
36 44 461
37 44 461
38 44 461
39 44 461
40 44 461
41 44 461
42 44 461
43 44 461
44 44 461
0 45 461
1 45 461
2 45 461
3 45 461
4 45 461
5 45 461
6 45 461
7 45 461
8 45 461
9 45 461
10 45 461
11 45 461
12 45 461
13 45 461
14 45 461
15 45 461
16 45 461
17 45 461
18 45 461
19 45 461
20 45 461
21 45 461
22 45 461
23 45 461
24 45 461
25 45 461
26 45 461
27 45 461
28 45 461
29 45 461
30 45 461
31 45 461
32 45 461
33 45 461
34 45 461
35 45 461
36 45 461
37 45 461
38 45 461
39 45 461
40 45 461
41 45 461
42 45 461
43 45 461
44 45 461
45 45 461
0 46 461
1 46 461
2 46 461
3 46 461
4 46 461
5 46 461
6 46 461
7 46 461
8 46 461
9 46 461
10 46 461
11 46 461
12 46 461
13 46 461
14 46 461
15 46 461
16 46 461
17 46 461
18 46 461
19 46 461
20 46 461
21 46 461
22 46 461
23 46 461
24 46 461
25 46 460
26 46 461
27 46 461
28 46 461
29 46 461
30 46 461
31 46 461
32 46 461
33 46 461
34 46 461
35 46 461
36 46 461
37 46 461
38 46 461
39 46 461
40 46 461
41 46 461
42 46 461
43 46 461
44 46 461
45 46 461
46 46 461
0 47 461
1 47 461
2 47 461
3 47 461
4 47 461
5 47 461
6 47 461
7 47 461
8 47 461
9 47 461
10 47 461
11 47 461
12 47 461
13 47 461
14 47 461
15 47 461
16 47 461
17 47 461
18 47 461
19 47 461
20 47 461
21 47 461
22 47 461
23 47 461
24 47 461
25 47 461
26 47 461
27 47 461
28 47 461
29 47 461
30 47 461
31 47 461
32 47 461
33 47 461
34 47 461
35 47 461
36 47 461
37 47 461
38 47 461
39 47 461
40 47 461
41 47 461
42 47 461
43 47 461
44 47 461
45 47 461
46 47 461
47 47 461
0 48 461
1 48 461
2 48 461
3 48 461
4 48 461
5 48 461
6 48 461
7 48 461
8 48 461
9 48 461
10 48 461
11 48 461
12 48 461
13 48 461
14 48 461
15 48 461
16 48 461
17 48 461
18 48 461
19 48 461
20 48 461
21 48 461
22 48 461
23 48 461
24 48 461
25 48 461
26 48 461
27 48 461
28 48 461
29 48 461
30 48 461
31 48 461
32 48 461
33 48 461
34 48 461
35 48 461
36 48 461
37 48 461
38 48 461
39 48 461
40 48 461
41 48 461
42 48 461
43 48 461
44 48 461
45 48 461
46 48 461
47 48 461
48 48 461
0 49 461
1 49 461
2 49 461
3 49 461
4 49 461
5 49 461
6 49 461
7 49 461
8 49 461
9 49 461
10 49 461
11 49 461
12 49 461
13 49 461
14 49 461
15 49 461
16 49 461
17 49 461
18 49 461
19 49 461
20 49 461
21 49 461
22 49 461
23 49 461
24 49 461
25 49 461
26 49 461
27 49 461
28 49 461
29 49 461
30 49 461
31 49 461
32 49 461
33 49 461
34 49 461
35 49 461
36 49 461
37 49 461
38 49 461
39 49 461
40 49 461
41 49 461
42 49 461
43 49 461
44 49 461
45 49 461
46 49 461
47 49 461
48 49 461
49 49 461
0 50 461
1 50 461
2 50 461
3 50 461
4 50 461
5 50 461
6 50 461
7 50 461
8 50 461
9 50 461
10 50 461
11 50 461
12 50 461
13 50 461
14 50 461
15 50 461
16 50 461
17 50 461
18 50 461
19 50 461
20 50 461
21 50 461
22 50 461
23 50 461
24 50 461
25 50 461
26 50 461
27 50 461
28 50 461
29 50 461
30 50 461
31 50 461
32 50 461
33 50 461
34 50 461
35 50 461
36 50 461
37 50 461
38 50 461
39 50 461
40 50 461
41 50 461
42 50 461
43 50 461
44 50 461
45 50 461
46 50 461
47 50 460
48 50 461
49 50 461
50 50 461
0 51 461
1 51 461
2 51 461
3 51 461
4 51 461
5 51 461
6 51 461
7 51 461
8 51 461
9 51 461
10 51 461
11 51 461
12 51 461
13 51 461
14 51 461
15 51 461
16 51 461
17 51 461
18 51 461
19 51 461
20 51 461
21 51 461
22 51 461
23 51 461
24 51 461
25 51 461
26 51 461
27 51 461
28 51 461
29 51 461
30 51 461
31 51 461
32 51 461
33 51 461
34 51 461
35 51 461
36 51 461
37 51 461
38 51 461
39 51 461
40 51 461
41 51 461
42 51 461
43 51 461
44 51 461
45 51 461
46 51 461
47 51 461
48 51 461
49 51 461
50 51 461
51 51 461
0 52 461
1 52 461
2 52 461
3 52 461
4 52 461
5 52 461
6 52 461
7 52 461
8 52 461
9 52 461
10 52 461
11 52 461
12 52 461
13 52 461
14 52 461
15 52 461
16 52 461
17 52 461
18 52 461
19 52 461
20 52 461
21 52 461
22 52 461
23 52 461
24 52 461
25 52 461
26 52 461
27 52 461
28 52 461
29 52 461
30 52 461
31 52 461
32 52 461
33 52 461
34 52 461
35 52 461
36 52 461
37 52 461
38 52 461
39 52 461
40 52 461
41 52 461
42 52 461
43 52 461
44 52 461
45 52 461
46 52 461
47 52 461
48 52 461
49 52 461
50 52 461
51 52 461
52 52 461
0 53 461
1 53 461
2 53 461
3 53 461
4 53 461
5 53 461
6 53 461
7 53 461
8 53 461
9 53 461
10 53 461
11 53 461
12 53 461
13 53 461
14 53 461
15 53 461
16 53 461
17 53 461
18 53 461
19 53 461
20 53 461
21 53 461
22 53 461
23 53 461
24 53 461
25 53 461
26 53 461
27 53 461
28 53 461
29 53 461
30 53 461
31 53 461
32 53 461
33 53 461
34 53 461
35 53 461
36 53 461
37 53 461
38 53 461
39 53 461
40 53 461
41 53 461
42 53 461
43 53 461
44 53 461
45 53 461
46 53 461
47 53 461
48 53 461
49 53 461
50 53 461
51 53 461
52 53 461
53 53 461
0 54 461
1 54 461
2 54 461
3 54 461
4 54 461
5 54 461
6 54 461
7 54 461
8 54 461
9 54 461
10 54 461
11 54 461
12 54 461
13 54 461
14 54 461
15 54 461
16 54 461
17 54 461
18 54 461
19 54 461
20 54 461
21 54 461
22 54 461
23 54 461
24 54 461
25 54 461
26 54 461
27 54 461
28 54 461
29 54 461
30 54 461
31 54 461
32 54 461
33 54 461
34 54 461
35 54 461
36 54 461
37 54 461
38 54 461
39 54 461
40 54 461
41 54 461
42 54 461
43 54 461
44 54 461
45 54 461
46 54 461
47 54 461
48 54 461
49 54 461
50 54 461
51 54 461
52 54 461
53 54 461
54 54 461
0 55 461
1 55 461
2 55 461
3 55 461
4 55 461
5 55 461
6 55 461
7 55 461
8 55 461
9 55 461
10 55 461
11 55 461
12 55 461
13 55 461
14 55 461
15 55 461
16 55 461
17 55 461
18 55 461
19 55 461
20 55 461
21 55 461
22 55 461
23 55 461
24 55 461
25 55 461
26 55 461
27 55 461
28 55 461
29 55 461
30 55 461
31 55 461
32 55 461
33 55 461
34 55 461
35 55 461
36 55 461
37 55 461
38 55 461
39 55 461
40 55 461
41 55 461
42 55 461
43 55 461
44 55 461
45 55 461
46 55 461
47 55 461
48 55 461
49 55 461
50 55 461
51 55 461
52 55 461
53 55 461
54 55 461
55 55 461
0 56 461
1 56 461
2 56 461
3 56 461
4 56 461
5 56 461
6 56 461
7 56 461
8 56 461
9 56 461
10 56 461
11 56 461
12 56 461
13 56 461
14 56 461
15 56 461
16 56 461
17 56 461
18 56 461
19 56 461
20 56 461
21 56 461
22 56 461
23 56 461
24 56 461
25 56 461
26 56 461
27 56 461
28 56 461
29 56 461
30 56 461
31 56 461
32 56 461
33 56 461
34 56 461
35 56 461
36 56 461
37 56 461
38 56 461
39 56 461
40 56 461
41 56 461
42 56 461
43 56 461
44 56 461
45 56 461
46 56 461
47 56 461
48 56 461
49 56 461
50 56 461
51 56 461
52 56 461
53 56 461
54 56 461
55 56 461
56 56 461
0 57 461
1 57 461
2 57 461
3 57 461
4 57 461
5 57 461
6 57 461
7 57 461
8 57 461
9 57 461
10 57 461
11 57 461
12 57 461
13 57 461
14 57 461
15 57 461
16 57 461
17 57 461
18 57 461
19 57 461
20 57 461
21 57 461
22 57 461
23 57 461
24 57 461
25 57 461
26 57 461
27 57 461
28 57 461
29 57 461
30 57 461
31 57 461
32 57 461
33 57 461
34 57 461
35 57 461
36 57 461
37 57 461
38 57 461
39 57 461
40 57 461
41 57 461
42 57 461
43 57 461
44 57 461
45 57 461
46 57 461
47 57 461
48 57 461
49 57 461
50 57 461
51 57 461
52 57 461
53 57 461
54 57 461
55 57 461
56 57 461
57 57 461
0 58 461
1 58 461
2 58 461
3 58 461
4 58 461
5 58 461
6 58 461
7 58 461
8 58 461
9 58 461
10 58 461
11 58 461
12 58 461
13 58 461
14 58 461
15 58 461
16 58 461
17 58 461
18 58 461
19 58 461
20 58 461
21 58 461
22 58 461
23 58 461
24 58 461
25 58 461
26 58 461
27 58 461
28 58 461
29 58 461
30 58 461
31 58 461
32 58 461
33 58 461
34 58 461
35 58 461
36 58 461
37 58 461
38 58 461
39 58 461
40 58 461
41 58 461
42 58 461
43 58 461
44 58 461
45 58 461
46 58 461
47 58 461
48 58 461
49 58 461
50 58 461
51 58 461
52 58 461
53 58 461
54 58 461
55 58 461
56 58 461
57 58 461
58 58 461
0 59 461
1 59 461
2 59 461
3 59 461
4 59 461
5 59 461
6 59 461
7 59 461
8 59 461
9 59 461
10 59 461
11 59 461
12 59 461
13 59 461
14 59 461
15 59 461
16 59 461
17 59 461
18 59 461
19 59 461
20 59 461
21 59 461
22 59 461
23 59 461
24 59 461
25 59 461
26 59 461
27 59 461
28 59 461
29 59 461
30 59 461
31 59 461
32 59 461
33 59 461
34 59 461
35 59 461
36 59 461
37 59 461
38 59 461
39 59 461
40 59 461
41 59 461
42 59 461
43 59 461
44 59 461
45 59 461
46 59 461
47 59 461
48 59 461
49 59 461
50 59 461
51 59 461
52 59 461
53 59 461
54 59 461
55 59 461
56 59 461
57 59 461
58 59 461
59 59 461
0 60 461
1 60 461
2 60 461
3 60 461
4 60 461
5 60 461
6 60 461
7 60 461
8 60 461
9 60 461
10 60 461
11 60 461
12 60 461
13 60 461
14 60 461
15 60 461
16 60 461
17 60 461
18 60 461
19 60 461
20 60 461
21 60 461
22 60 461
23 60 461
24 60 461
25 60 461
26 60 461
27 60 461
28 60 461
29 60 461
30 60 461
31 60 461
32 60 461
33 60 461
34 60 461
35 60 461
36 60 461
37 60 461
38 60 461
39 60 461
40 60 461
41 60 461
42 60 461
43 60 461
44 60 461
45 60 461
46 60 461
47 60 461
48 60 461
49 60 461
50 60 461
51 60 461
52 60 461
53 60 461
54 60 461
55 60 461
56 60 461
57 60 461
58 60 461
59 60 461
60 60 461
0 61 461
1 61 461
2 61 461
3 61 461
4 61 461
5 61 461
6 61 461
7 61 461
8 61 461
9 61 461
10 61 461
11 61 461
12 61 461
13 61 461
14 61 461
15 61 461
16 61 461
17 61 461
18 61 461
19 61 461
20 61 461
21 61 461
22 61 461
23 61 461
24 61 461
25 61 461
26 61 461
27 61 461
28 61 461
29 61 461
30 61 461
31 61 461
32 61 461
33 61 461
34 61 461
35 61 461
36 61 461
37 61 461
38 61 461
39 61 461
40 61 461
41 61 461
42 61 461
43 61 461
44 61 461
45 61 461
46 61 461
47 61 461
48 61 461
49 61 461
50 61 461
51 61 461
52 61 461
53 61 461
54 61 461
55 61 461
56 61 461
57 61 461
58 61 461
59 61 461
60 61 461
61 61 461
0 62 461
1 62 461
2 62 461
3 62 461
4 62 461
5 62 461
6 62 461
7 62 461
8 62 461
9 62 461
10 62 461
11 62 461
12 62 461
13 62 461
14 62 461
15 62 461
16 62 461
17 62 461
18 62 461
19 62 461
20 62 461
21 62 461
22 62 461
23 62 461
24 62 461
25 62 461
26 62 461
27 62 461
28 62 461
29 62 461
30 62 461
31 62 461
32 62 461
33 62 461
34 62 461
35 62 461
36 62 461
37 62 461
38 62 461
39 62 461
40 62 461
41 62 461
42 62 461
43 62 461
44 62 461
45 62 461
46 62 461
47 62 461
48 62 461
49 62 461
50 62 461
51 62 461
52 62 461
53 62 461
54 62 461
55 62 461
56 62 461
57 62 461
58 62 461
59 62 461
60 62 461
61 62 461
62 62 461
0 63 461
1 63 461
2 63 461
3 63 461
4 63 461
5 63 461
6 63 461
7 63 461
8 63 461
9 63 461
10 63 461
11 63 461
12 63 461
13 63 461
14 63 461
15 63 461
16 63 461
17 63 461
18 63 461
19 63 461
20 63 461
21 63 461
22 63 461
23 63 461
24 63 461
25 63 461
26 63 461
27 63 461
28 63 461
29 63 461
30 63 461
31 63 461
32 63 461
33 63 461
34 63 461
35 63 461
36 63 461
37 63 461
38 63 461
39 63 461
40 63 461
41 63 461
42 63 461
43 63 461
44 63 461
45 63 461
46 63 461
47 63 461
48 63 461
49 63 461
50 63 461
51 63 461
52 63 461
53 63 461
54 63 461
55 63 461
56 63 461
57 63 461
58 63 461
59 63 461
60 63 461
61 63 461
62 63 461
63 63 461
0 64 461
1 64 461
2 64 461
3 64 461
4 64 461
5 64 461
6 64 461
7 64 461
8 64 461
9 64 461
10 64 461
11 64 461
12 64 461
13 64 461
14 64 461
15 64 461
16 64 461
17 64 461
18 64 461
19 64 461
20 64 461
21 64 461
22 64 461
23 64 461
24 64 461
25 64 461
26 64 461
27 64 461
28 64 461
29 64 461
30 64 461
31 64 461
32 64 461
33 64 461
34 64 461
35 64 461
36 64 461
37 64 461
38 64 461
39 64 461
40 64 461
41 64 461
42 64 461
43 64 461
44 64 461
45 64 461
46 64 461
47 64 461
48 64 461
49 64 461
50 64 461
51 64 461
52 64 461
53 64 461
54 64 461
55 64 461
56 64 461
57 64 461
58 64 461
59 64 461
60 64 461
61 64 461
62 64 461
63 64 461
64 64 461
0 65 461
1 65 461
2 65 461
3 65 461
4 65 461
5 65 461
6 65 461
7 65 461
8 65 461
9 65 461
10 65 461
11 65 461
12 65 461
13 65 461
14 65 461
15 65 461
16 65 461
17 65 461
18 65 461
19 65 461
20 65 461
21 65 461
22 65 461
23 65 461
24 65 461
25 65 461
26 65 461
27 65 461
28 65 461
29 65 461
30 65 461
31 65 461
32 65 461
33 65 461
34 65 461
35 65 461
36 65 461
37 65 461
38 65 461
39 65 461
40 65 461
41 65 461
42 65 461
43 65 461
44 65 461
45 65 461
46 65 461
47 65 461
48 65 461
49 65 461
50 65 461
51 65 461
52 65 461
53 65 461
54 65 461
55 65 461
56 65 461
57 65 461
58 65 461
59 65 461
60 65 461
61 65 461
62 65 461
63 65 461
64 65 461
65 65 461
0 66 461
1 66 461
2 66 461
3 66 461
4 66 461
5 66 461
6 66 461
7 66 461
8 66 461
9 66 461
10 66 461
11 66 461
12 66 461
13 66 461
14 66 461
15 66 461
16 66 461
17 66 461
18 66 461
19 66 461
20 66 461
21 66 461
22 66 461
23 66 461
24 66 461
25 66 461
26 66 461
27 66 461
28 66 461
29 66 461
30 66 461
31 66 461
32 66 461
33 66 461
34 66 461
35 66 461
36 66 461
37 66 461
38 66 461
39 66 461
40 66 461
41 66 461
42 66 461
43 66 461
44 66 461
45 66 461
46 66 461
47 66 461
48 66 461
49 66 461
50 66 461
51 66 461
52 66 461
53 66 461
54 66 461
55 66 461
56 66 461
57 66 461
58 66 461
59 66 461
60 66 461
61 66 461
62 66 461
63 66 461
64 66 461
65 66 461
66 66 461
0 67 461
1 67 461
2 67 461
3 67 461
4 67 461
5 67 461
6 67 461
7 67 461
8 67 461
9 67 461
10 67 461
11 67 461
12 67 461
13 67 461
14 67 461
15 67 461
16 67 461
17 67 461
18 67 461
19 67 461
20 67 461
21 67 461
22 67 461
23 67 461
24 67 461
25 67 461
26 67 461
27 67 461
28 67 461
29 67 461
30 67 461
31 67 461
32 67 461
33 67 461
34 67 461
35 67 461
36 67 461
37 67 461
38 67 461
39 67 461
40 67 461
41 67 461
42 67 461
43 67 461
44 67 461
45 67 461
46 67 461
47 67 461
48 67 461
49 67 461
50 67 461
51 67 461
52 67 461
53 67 461
54 67 461
55 67 461
56 67 461
57 67 461
58 67 461
59 67 461
60 67 461
61 67 461
62 67 461
63 67 461
64 67 461
65 67 461
66 67 461
67 67 461
0 68 461
1 68 461
2 68 461
3 68 461
4 68 461
5 68 461
6 68 461
7 68 461
8 68 461
9 68 461
10 68 461
11 68 461
12 68 461
13 68 461
14 68 461
15 68 461
16 68 461
17 68 461
18 68 461
19 68 461
20 68 461
21 68 461
22 68 461
23 68 461
24 68 461
25 68 461
26 68 461
27 68 461
28 68 461
29 68 461
30 68 461
31 68 461
32 68 461
33 68 461
34 68 461
35 68 461
36 68 461
37 68 461
38 68 461
39 68 461
40 68 461
41 68 461
42 68 461
43 68 461
44 68 461
45 68 461
46 68 461
47 68 461
48 68 461
49 68 461
50 68 461
51 68 461
52 68 461
53 68 461
54 68 461
55 68 461
56 68 461
57 68 461
58 68 461
59 68 461
60 68 461
61 68 461
62 68 461
63 68 461
64 68 461
65 68 461
66 68 461
67 68 461
68 68 461
0 69 461
1 69 461
2 69 461
3 69 461
4 69 461
5 69 461
6 69 461
7 69 461
8 69 461
9 69 461
10 69 461
11 69 461
12 69 461
13 69 461
14 69 461
15 69 461
16 69 461
17 69 461
18 69 461
19 69 461
20 69 461
21 69 461
22 69 461
23 69 461
24 69 461
25 69 461
26 69 461
27 69 461
28 69 461
29 69 461
30 69 461
31 69 461
32 69 461
33 69 461
34 69 461
35 69 461
36 69 461
37 69 461
38 69 461
39 69 461
40 69 461
41 69 461
42 69 461
43 69 461
44 69 461
45 69 461
46 69 461
47 69 461
48 69 461
49 69 461
50 69 461
51 69 461
52 69 461
53 69 461
54 69 461
55 69 461
56 69 461
57 69 461
58 69 461
59 69 461
60 69 461
61 69 461
62 69 461
63 69 461
64 69 461
65 69 461
66 69 461
67 69 461
68 69 461
69 69 461
0 70 461
1 70 461
2 70 461
3 70 461
4 70 461
5 70 461
6 70 461
7 70 461
8 70 461
9 70 461
10 70 461
11 70 461
12 70 461
13 70 461
14 70 461
15 70 461
16 70 461
17 70 461
18 70 461
19 70 461
20 70 461
21 70 461
22 70 461
23 70 461
24 70 461
25 70 461
26 70 461
27 70 461
28 70 461
29 70 461
30 70 461
31 70 461
32 70 461
33 70 461
34 70 461
35 70 461
36 70 461
37 70 461
38 70 461
39 70 461
40 70 461
41 70 461
42 70 461
43 70 461
44 70 461
45 70 461
46 70 461
47 70 461
48 70 461
49 70 461
50 70 461
51 70 461
52 70 461
53 70 461
54 70 461
55 70 461
56 70 461
57 70 461
58 70 461
59 70 461
60 70 461
61 70 461
62 70 461
63 70 461
64 70 461
65 70 461
66 70 461
67 70 461
68 70 461
69 70 461
70 70 461
0 71 461
1 71 461
2 71 461
3 71 461
4 71 461
5 71 461
6 71 461
7 71 461
8 71 461
9 71 461
10 71 461
11 71 461
12 71 461
13 71 461
14 71 461
15 71 461
16 71 461
17 71 461
18 71 461
19 71 461
20 71 461
21 71 461
22 71 461
23 71 461
24 71 461
25 71 461
26 71 461
27 71 461
28 71 461
29 71 461
30 71 461
31 71 461
32 71 461
33 71 461
34 71 461
35 71 461
36 71 461
37 71 461
38 71 461
39 71 461
40 71 461
41 71 461
42 71 461
43 71 461
44 71 461
45 71 461
46 71 461
47 71 461
48 71 461
49 71 461
50 71 461
51 71 461
52 71 461
53 71 461
54 71 461
55 71 461
56 71 461
57 71 461
58 71 461
59 71 461
60 71 461
61 71 461
62 71 461
63 71 461
64 71 461
65 71 461
66 71 461
67 71 461
68 71 461
69 71 461
70 71 461
71 71 461
0 72 461
1 72 461
2 72 461
3 72 461
4 72 461
5 72 461
6 72 461
7 72 461
8 72 461
9 72 461
10 72 461
11 72 461
12 72 461
13 72 461
14 72 461
15 72 461
16 72 461
17 72 461
18 72 461
19 72 461
20 72 461
21 72 461
22 72 461
23 72 461
24 72 461
25 72 461
26 72 461
27 72 461
28 72 461
29 72 461
30 72 461
31 72 461
32 72 461
33 72 461
34 72 461
35 72 461
36 72 461
37 72 461
38 72 461
39 72 461
40 72 461
41 72 461
42 72 461
43 72 461
44 72 461
45 72 461
46 72 461
47 72 461
48 72 461
49 72 461
50 72 461
51 72 461
52 72 461
53 72 461
54 72 461
55 72 461
56 72 461
57 72 461
58 72 461
59 72 461
60 72 461
61 72 461
62 72 461
63 72 461
64 72 461
65 72 461
66 72 461
67 72 461
68 72 461
69 72 461
70 72 461
71 72 461
72 72 461
0 73 461
1 73 461
2 73 461
3 73 461
4 73 461
5 73 461
6 73 461
7 73 461
8 73 461
9 73 461
10 73 461
11 73 461
12 73 461
13 73 461
14 73 461
15 73 461
16 73 461
17 73 461
18 73 461
19 73 461
20 73 461
21 73 461
22 73 461
23 73 461
24 73 461
25 73 461
26 73 461
27 73 461
28 73 461
29 73 461
30 73 461
31 73 461
32 73 461
33 73 461
34 73 461
35 73 461
36 73 461
37 73 461
38 73 461
39 73 461
40 73 461
41 73 461
42 73 461
43 73 461
44 73 461
45 73 461
46 73 461
47 73 461
48 73 461
49 73 461
50 73 461
51 73 461
52 73 461
53 73 461
54 73 461
55 73 461
56 73 461
57 73 461
58 73 461
59 73 461
60 73 461
61 73 461
62 73 461
63 73 461
64 73 461
65 73 461
66 73 461
67 73 461
68 73 461
69 73 461
70 73 461
71 73 461
72 73 461
73 73 461
0 74 461
1 74 461
2 74 461
3 74 461
4 74 461
5 74 461
6 74 461
7 74 461
8 74 461
9 74 461
10 74 461
11 74 461
12 74 461
13 74 461
14 74 461
15 74 461
16 74 461
17 74 461
18 74 461
19 74 461
20 74 461
21 74 461
22 74 461
23 74 461
24 74 461
25 74 461
26 74 461
27 74 461
28 74 461
29 74 461
30 74 461
31 74 461
32 74 461
33 74 461
34 74 461
35 74 461
36 74 461
37 74 461
38 74 461
39 74 461
40 74 461
41 74 461
42 74 461
43 74 461
44 74 461
45 74 461
46 74 461
47 74 461
48 74 461
49 74 461
50 74 461
51 74 461
52 74 461
53 74 461
54 74 461
55 74 461
56 74 461
57 74 461
58 74 461
59 74 461
60 74 461
61 74 461
62 74 461
63 74 461
64 74 461
65 74 461
66 74 461
67 74 461
68 74 461
69 74 461
70 74 461
71 74 461
72 74 461
73 74 461
74 74 461
0 75 461
1 75 461
2 75 461
3 75 461
4 75 461
5 75 461
6 75 461
7 75 461
8 75 461
9 75 461
10 75 461
11 75 461
12 75 461
13 75 461
14 75 461
15 75 461
16 75 461
17 75 461
18 75 461
19 75 461
20 75 461
21 75 461
22 75 461
23 75 461
24 75 461
25 75 461
26 75 461
27 75 461
28 75 461
29 75 461
30 75 461
31 75 461
32 75 461
33 75 461
34 75 461
35 75 461
36 75 461
37 75 461
38 75 461
39 75 461
40 75 461
41 75 461
42 75 461
43 75 461
44 75 461
45 75 461
46 75 461
47 75 461
48 75 461
49 75 461
50 75 461
51 75 461
52 75 461
53 75 461
54 75 461
55 75 461
56 75 461
57 75 461
58 75 461
59 75 461
60 75 461
61 75 461
62 75 461
63 75 461
64 75 461
65 75 461
66 75 461
67 75 461
68 75 461
69 75 461
70 75 461
71 75 461
72 75 461
73 75 461
74 75 461
75 75 461
0 76 461
1 76 461
2 76 461
3 76 461
4 76 461
5 76 461
6 76 461
7 76 461
8 76 461
9 76 461
10 76 461
11 76 461
12 76 461
13 76 461
14 76 461
15 76 461
16 76 461
17 76 461
18 76 461
19 76 461
20 76 461
21 76 461
22 76 461
23 76 461
24 76 461
25 76 461
26 76 461
27 76 461
28 76 461
29 76 461
30 76 461
31 76 461
32 76 461
33 76 461
34 76 461
35 76 461
36 76 461
37 76 461
38 76 461
39 76 461
40 76 461
41 76 461
42 76 461
43 76 461
44 76 461
45 76 461
46 76 461
47 76 461
48 76 461
49 76 461
50 76 461
51 76 461
52 76 461
53 76 461
54 76 461
55 76 461
56 76 461
57 76 461
58 76 461
59 76 461
60 76 461
61 76 461
62 76 461
63 76 461
64 76 461
65 76 461
66 76 461
67 76 461
68 76 461
69 76 461
70 76 461
71 76 461
72 76 461
73 76 461
74 76 461
75 76 461
76 76 461
0 77 461
1 77 461
2 77 461
3 77 461
4 77 461
5 77 461
6 77 461
7 77 461
8 77 461
9 77 461
10 77 461
11 77 461
12 77 461
13 77 461
14 77 461
15 77 461
16 77 461
17 77 461
18 77 461
19 77 461
20 77 461
21 77 461
22 77 461
23 77 461
24 77 461
25 77 461
26 77 461
27 77 461
28 77 461
29 77 461
30 77 461
31 77 461
32 77 461
33 77 461
34 77 461
35 77 461
36 77 461
37 77 461
38 77 461
39 77 461
40 77 461
41 77 461
42 77 461
43 77 461
44 77 461
45 77 461
46 77 461
47 77 461
48 77 461
49 77 461
50 77 461
51 77 461
52 77 461
53 77 461
54 77 461
55 77 461
56 77 461
57 77 461
58 77 461
59 77 461
60 77 461
61 77 461
62 77 461
63 77 461
64 77 461
65 77 461
66 77 461
67 77 461
68 77 461
69 77 461
70 77 461
71 77 461
72 77 461
73 77 461
74 77 461
75 77 461
76 77 461
77 77 461
0 78 461
1 78 461
2 78 461
3 78 461
4 78 461
5 78 461
6 78 461
7 78 461
8 78 461
9 78 461
10 78 461
11 78 461
12 78 461
13 78 461
14 78 461
15 78 461
16 78 461
17 78 461
18 78 461
19 78 461
20 78 461
21 78 461
22 78 461
23 78 461
24 78 461
25 78 461
26 78 461
27 78 461
28 78 461
29 78 461
30 78 461
31 78 461
32 78 461
33 78 461
34 78 461
35 78 461
36 78 461
37 78 461
38 78 461
39 78 461
40 78 461
41 78 461
42 78 461
43 78 461
44 78 461
45 78 461
46 78 461
47 78 461
48 78 461
49 78 461
50 78 461
51 78 461
52 78 461
53 78 461
54 78 461
55 78 461
56 78 461
57 78 461
58 78 461
59 78 461
60 78 461
61 78 461
62 78 461
63 78 461
64 78 461
65 78 461
66 78 461
67 78 461
68 78 461
69 78 461
70 78 461
71 78 461
72 78 461
73 78 461
74 78 461
75 78 461
76 78 461
77 78 461
78 78 461
0 79 461
1 79 461
2 79 461
3 79 461
4 79 461
5 79 461
6 79 461
7 79 461
8 79 461
9 79 461
10 79 461
11 79 461
12 79 461
13 79 461
14 79 461
15 79 461
16 79 461
17 79 461
18 79 461
19 79 461
20 79 461
21 79 461
22 79 461
23 79 461
24 79 461
25 79 461
26 79 461
27 79 461
28 79 461
29 79 461
30 79 461
31 79 461
32 79 461
33 79 461
34 79 461
35 79 461
36 79 461
37 79 461
38 79 461
39 79 461
40 79 461
41 79 461
42 79 461
43 79 461
44 79 461
45 79 461
46 79 461
47 79 461
48 79 461
49 79 461
50 79 461
51 79 461
52 79 461
53 79 461
54 79 461
55 79 461
56 79 461
57 79 461
58 79 461
59 79 461
60 79 461
61 79 461
62 79 461
63 79 461
64 79 461
65 79 461
66 79 461
67 79 461
68 79 461
69 79 461
70 79 461
71 79 461
72 79 461
73 79 461
74 79 461
75 79 461
76 79 461
77 79 461
78 79 461
79 79 461
0 80 461
1 80 461
2 80 461
3 80 461
4 80 461
5 80 461
6 80 461
7 80 461
8 80 461
9 80 461
10 80 461
11 80 461
12 80 461
13 80 461
14 80 461
15 80 461
16 80 461
17 80 461
18 80 461
19 80 461
20 80 461
21 80 461
22 80 461
23 80 461
24 80 461
25 80 461
26 80 461
27 80 461
28 80 461
29 80 461
30 80 461
31 80 461
32 80 461
33 80 461
34 80 461
35 80 461
36 80 461
37 80 461
38 80 461
39 80 461
40 80 461
41 80 461
42 80 461
43 80 461
44 80 461
45 80 461
46 80 461
47 80 461
48 80 461
49 80 461
50 80 461
51 80 461
52 80 461
53 80 461
54 80 461
55 80 461
56 80 461
57 80 461
58 80 461
59 80 461
60 80 461
61 80 461
62 80 461
63 80 461
64 80 461
65 80 461
66 80 461
67 80 461
68 80 461
69 80 461
70 80 461
71 80 461
72 80 461
73 80 461
74 80 461
75 80 461
76 80 461
77 80 461
78 80 461
79 80 461
80 80 461
0 81 461
1 81 461
2 81 461
3 81 461
4 81 461
5 81 461
6 81 461
7 81 461
8 81 461
9 81 461
10 81 461
11 81 461
12 81 461
13 81 461
14 81 461
15 81 461
16 81 461
17 81 461
18 81 461
19 81 461
20 81 461
21 81 461
22 81 461
23 81 461
24 81 461
25 81 461
26 81 461
27 81 461
28 81 461
29 81 461
30 81 461
31 81 461
32 81 461
33 81 461
34 81 461
35 81 461
36 81 461
37 81 461
38 81 461
39 81 461
40 81 461
41 81 461
42 81 461
43 81 461
44 81 461
45 81 461
46 81 461
47 81 461
48 81 461
49 81 461
50 81 461
51 81 461
52 81 461
53 81 461
54 81 461
55 81 461
56 81 461
57 81 461
58 81 461
59 81 461
60 81 461
61 81 461
62 81 461
63 81 461
64 81 461
65 81 461
66 81 461
67 81 461
68 81 461
69 81 461
70 81 461
71 81 461
72 81 461
73 81 461
74 81 461
75 81 461
76 81 461
77 81 461
78 81 461
79 81 461
80 81 461
81 81 461
0 82 461
1 82 461
2 82 461
3 82 461
4 82 461
5 82 461
6 82 461
7 82 461
8 82 461
9 82 461
10 82 461
11 82 461
12 82 461
13 82 461
14 82 461
15 82 461
16 82 461
17 82 461
18 82 461
19 82 461
20 82 461
21 82 461
22 82 461
23 82 461
24 82 461
25 82 461
26 82 461
27 82 461
28 82 461
29 82 461
30 82 461
31 82 461
32 82 461
33 82 461
34 82 461
35 82 461
36 82 461
37 82 461
38 82 461
39 82 461
40 82 461
41 82 461
42 82 461
43 82 461
44 82 461
45 82 461
46 82 461
47 82 461
48 82 461
49 82 461
50 82 461
51 82 461
52 82 461
53 82 461
54 82 461
55 82 461
56 82 461
57 82 461
58 82 461
59 82 461
60 82 461
61 82 461
62 82 461
63 82 461
64 82 461
65 82 461
66 82 461
67 82 461
68 82 461
69 82 461
70 82 461
71 82 461
72 82 461
73 82 461
74 82 461
75 82 461
76 82 461
77 82 461
78 82 461
79 82 461
80 82 461
81 82 461
82 82 461
0 83 461
1 83 461
2 83 461
3 83 461
4 83 461
5 83 461
6 83 461
7 83 461
8 83 461
9 83 461
10 83 461
11 83 461
12 83 461
13 83 461
14 83 461
15 83 461
16 83 461
17 83 461
18 83 461
19 83 461
20 83 461
21 83 461
22 83 461
23 83 461
24 83 461
25 83 461
26 83 461
27 83 461
28 83 461
29 83 461
30 83 461
31 83 461
32 83 461
33 83 461
34 83 461
35 83 461
36 83 461
37 83 461
38 83 461
39 83 461
40 83 461
41 83 461
42 83 461
43 83 461
44 83 461
45 83 461
46 83 461
47 83 461
48 83 461
49 83 461
50 83 461
51 83 461
52 83 461
53 83 461
54 83 461
55 83 461
56 83 461
57 83 461
58 83 461
59 83 461
60 83 461
61 83 461
62 83 461
63 83 461
64 83 461
65 83 461
66 83 461
67 83 461
68 83 461
69 83 461
70 83 461
71 83 461
72 83 461
73 83 461
74 83 461
75 83 461
76 83 461
77 83 461
78 83 461
79 83 461
80 83 461
81 83 461
82 83 461
83 83 461
0 84 461
1 84 461
2 84 461
3 84 461
4 84 461
5 84 461
6 84 461
7 84 461
8 84 461
9 84 461
10 84 461
11 84 461
12 84 461
13 84 461
14 84 461
15 84 461
16 84 461
17 84 461
18 84 461
19 84 461
20 84 461
21 84 461
22 84 461
23 84 461
24 84 461
25 84 461
26 84 461
27 84 461
28 84 461
29 84 461
30 84 461
31 84 461
32 84 461
33 84 461
34 84 461
35 84 461
36 84 461
37 84 461
38 84 461
39 84 461
40 84 461
41 84 461
42 84 461
43 84 461
44 84 461
45 84 461
46 84 461
47 84 461
48 84 461
49 84 461
50 84 461
51 84 461
52 84 461
53 84 461
54 84 461
55 84 461
56 84 461
57 84 461
58 84 461
59 84 461
60 84 461
61 84 461
62 84 461
63 84 461
64 84 461
65 84 461
66 84 461
67 84 461
68 84 461
69 84 461
70 84 461
71 84 461
72 84 461
73 84 461
74 84 461
75 84 461
76 84 461
77 84 461
78 84 461
79 84 461
80 84 461
81 84 461
82 84 461
83 84 461
84 84 461
0 85 461
1 85 461
2 85 461
3 85 461
4 85 461
5 85 461
6 85 461
7 85 461
8 85 461
9 85 461
10 85 461
11 85 461
12 85 461
13 85 461
14 85 461
15 85 461
16 85 461
17 85 461
18 85 461
19 85 461
20 85 461
21 85 461
22 85 461
23 85 461
24 85 461
25 85 461
26 85 461
27 85 461
28 85 461
29 85 461
30 85 461
31 85 461
32 85 461
33 85 461
34 85 461
35 85 461
36 85 461
37 85 461
38 85 461
39 85 461
40 85 461
41 85 461
42 85 461
43 85 461
44 85 461
45 85 461
46 85 461
47 85 461
48 85 461
49 85 461
50 85 461
51 85 461
52 85 461
53 85 461
54 85 461
55 85 461
56 85 461
57 85 461
58 85 461
59 85 461
60 85 461
61 85 461
62 85 461
63 85 461
64 85 461
65 85 461
66 85 461
67 85 461
68 85 461
69 85 461
70 85 461
71 85 461
72 85 461
73 85 461
74 85 461
75 85 461
76 85 461
77 85 461
78 85 461
79 85 461
80 85 461
81 85 461
82 85 461
83 85 461
84 85 461
85 85 461
0 86 461
1 86 461
2 86 461
3 86 461
4 86 461
5 86 461
6 86 461
7 86 461
8 86 461
9 86 461
10 86 461
11 86 461
12 86 461
13 86 461
14 86 461
15 86 461
16 86 461
17 86 461
18 86 461
19 86 461
20 86 461
21 86 461
22 86 461
23 86 461
24 86 461
25 86 461
26 86 461
27 86 461
28 86 461
29 86 461
30 86 461
31 86 461
32 86 461
33 86 461
34 86 461
35 86 461
36 86 461
37 86 461
38 86 461
39 86 461
40 86 461
41 86 461
42 86 461
43 86 461
44 86 461
45 86 461
46 86 461
47 86 461
48 86 461
49 86 461
50 86 461
51 86 461
52 86 461
53 86 461
54 86 461
55 86 461
56 86 461
57 86 461
58 86 461
59 86 461
60 86 461
61 86 461
62 86 461
63 86 461
64 86 461
65 86 461
66 86 461
67 86 461
68 86 461
69 86 461
70 86 461
71 86 461
72 86 461
73 86 461
74 86 461
75 86 461
76 86 461
77 86 461
78 86 461
79 86 461
80 86 461
81 86 461
82 86 461
83 86 461
84 86 461
85 86 461
86 86 461
0 87 461
1 87 461
2 87 461
3 87 461
4 87 461
5 87 461
6 87 461
7 87 461
8 87 461
9 87 461
10 87 461
11 87 461
12 87 461
13 87 461
14 87 461
15 87 461
16 87 461
17 87 461
18 87 461
19 87 461
20 87 461
21 87 461
22 87 461
23 87 461
24 87 461
25 87 461
26 87 461
27 87 461
28 87 461
29 87 461
30 87 461
31 87 461
32 87 461
33 87 461
34 87 461
35 87 461
36 87 461
37 87 461
38 87 461
39 87 461
40 87 461
41 87 461
42 87 461
43 87 461
44 87 461
45 87 461
46 87 461
47 87 461
48 87 461
49 87 461
50 87 461
51 87 461
52 87 461
53 87 461
54 87 461
55 87 461
56 87 461
57 87 461
58 87 461
59 87 461
60 87 461
61 87 461
62 87 461
63 87 461
64 87 461
65 87 461
66 87 461
67 87 461
68 87 461
69 87 461
70 87 461
71 87 461
72 87 461
73 87 461
74 87 461
75 87 461
76 87 461
77 87 461
78 87 461
79 87 461
80 87 461
81 87 461
82 87 461
83 87 461
84 87 461
85 87 461
86 87 461
87 87 461
0 88 461
1 88 461
2 88 461
3 88 461
4 88 461
5 88 461
6 88 461
7 88 461
8 88 461
9 88 461
10 88 461
11 88 461
12 88 461
13 88 461
14 88 461
15 88 461
16 88 461
17 88 461
18 88 461
19 88 461
20 88 461
21 88 461
22 88 461
23 88 461
24 88 461
25 88 461
26 88 461
27 88 461
28 88 461
29 88 461
30 88 461
31 88 461
32 88 461
33 88 461
34 88 461
35 88 461
36 88 461
37 88 461
38 88 461
39 88 461
40 88 461
41 88 461
42 88 461
43 88 461
44 88 461
45 88 461
46 88 461
47 88 461
48 88 461
49 88 461
50 88 461
51 88 461
52 88 461
53 88 461
54 88 461
55 88 461
56 88 461
57 88 461
58 88 461
59 88 461
60 88 461
61 88 461
62 88 461
63 88 461
64 88 461
65 88 461
66 88 461
67 88 461
68 88 461
69 88 461
70 88 461
71 88 461
72 88 461
73 88 461
74 88 461
75 88 461
76 88 461
77 88 461
78 88 461
79 88 461
80 88 461
81 88 461
82 88 461
83 88 461
84 88 461
85 88 461
86 88 461
87 88 461
88 88 461
0 89 461
1 89 461
2 89 461
3 89 461
4 89 461
5 89 461
6 89 461
7 89 461
8 89 461
9 89 461
10 89 461
11 89 461
12 89 461
13 89 461
14 89 461
15 89 461
16 89 461
17 89 461
18 89 461
19 89 461
20 89 461
21 89 461
22 89 461
23 89 461
24 89 461
25 89 461
26 89 461
27 89 461
28 89 461
29 89 461
30 89 461
31 89 461
32 89 461
33 89 461
34 89 461
35 89 461
36 89 461
37 89 461
38 89 461
39 89 461
40 89 461
41 89 461
42 89 461
43 89 461
44 89 461
45 89 461
46 89 461
47 89 461
48 89 461
49 89 461
50 89 461
51 89 461
52 89 461
53 89 461
54 89 461
55 89 461
56 89 461
57 89 461
58 89 461
59 89 461
60 89 461
61 89 461
62 89 461
63 89 461
64 89 461
65 89 461
66 89 461
67 89 461
68 89 461
69 89 461
70 89 461
71 89 461
72 89 461
73 89 461
74 89 461
75 89 461
76 89 461
77 89 461
78 89 461
79 89 461
80 89 461
81 89 461
82 89 461
83 89 461
84 89 461
85 89 461
86 89 461
87 89 461
88 89 461
89 89 461
0 90 461
1 90 461
2 90 461
3 90 461
4 90 461
5 90 461
6 90 461
7 90 461
8 90 461
9 90 461
10 90 461
11 90 461
12 90 461
13 90 461
14 90 461
15 90 461
16 90 461
17 90 461
18 90 461
19 90 461
20 90 461
21 90 461
22 90 461
23 90 461
24 90 461
25 90 461
26 90 461
27 90 461
28 90 461
29 90 461
30 90 461
31 90 461
32 90 461
33 90 461
34 90 461
35 90 461
36 90 461
37 90 461
38 90 461
39 90 461
40 90 461
41 90 461
42 90 461
43 90 461
44 90 461
45 90 461
46 90 461
47 90 461
48 90 461
49 90 461
50 90 461
51 90 461
52 90 461
53 90 461
54 90 461
55 90 461
56 90 461
57 90 461
58 90 461
59 90 461
60 90 461
61 90 461
62 90 461
63 90 461
64 90 461
65 90 461
66 90 461
67 90 461
68 90 461
69 90 461
70 90 461
71 90 461
72 90 461
73 90 461
74 90 461
75 90 461
76 90 461
77 90 461
78 90 461
79 90 461
80 90 461
81 90 461
82 90 461
83 90 461
84 90 461
85 90 461
86 90 461
87 90 461
88 90 461
89 90 461
90 90 461
0 91 461
1 91 461
2 91 461
3 91 461
4 91 461
5 91 461
6 91 461
7 91 461
8 91 461
9 91 461
10 91 461
11 91 461
12 91 461
13 91 461
14 91 461
15 91 461
16 91 461
17 91 461
18 91 461
19 91 461
20 91 461
21 91 461
22 91 461
23 91 461
24 91 461
25 91 461
26 91 461
27 91 461
28 91 461
29 91 461
30 91 461
31 91 461
32 91 461
33 91 461
34 91 461
35 91 461
36 91 461
37 91 461
38 91 461
39 91 461
40 91 461
41 91 461
42 91 461
43 91 461
44 91 461
45 91 461
46 91 461
47 91 461
48 91 461
49 91 461
50 91 461
51 91 461
52 91 461
53 91 461
54 91 461
55 91 461
56 91 461
57 91 461
58 91 461
59 91 461
60 91 461
61 91 461
62 91 461
63 91 461
64 91 461
65 91 461
66 91 461
67 91 461
68 91 461
69 91 461
70 91 461
71 91 461
72 91 461
73 91 461
74 91 461
75 91 461
76 91 461
77 91 461
78 91 461
79 91 461
80 91 461
81 91 461
82 91 461
83 91 461
84 91 461
85 91 461
86 91 461
87 91 461
88 91 461
89 91 461
90 91 461
91 91 461
0 92 461
1 92 461
2 92 461
3 92 461
4 92 461
5 92 461
6 92 461
7 92 461
8 92 461
9 92 461
10 92 461
11 92 461
12 92 461
13 92 461
14 92 461
15 92 461
16 92 461
17 92 461
18 92 461
19 92 461
20 92 461
21 92 461
22 92 461
23 92 461
24 92 461
25 92 461
26 92 461
27 92 461
28 92 461
29 92 461
30 92 461
31 92 461
32 92 461
33 92 461
34 92 461
35 92 461
36 92 461
37 92 461
38 92 461
39 92 461
40 92 461
41 92 461
42 92 461
43 92 461
44 92 461
45 92 461
46 92 461
47 92 461
48 92 461
49 92 461
50 92 461
51 92 461
52 92 461
53 92 461
54 92 461
55 92 461
56 92 461
57 92 461
58 92 461
59 92 461
60 92 461
61 92 461
62 92 461
63 92 461
64 92 461
65 92 461
66 92 461
67 92 461
68 92 461
69 92 461
70 92 461
71 92 461
72 92 461
73 92 461
74 92 461
75 92 461
76 92 461
77 92 461
78 92 461
79 92 461
80 92 461
81 92 461
82 92 461
83 92 461
84 92 461
85 92 461
86 92 461
87 92 461
88 92 461
89 92 461
90 92 461
91 92 461
92 92 461
0 93 461
1 93 461
2 93 461
3 93 461
4 93 461
5 93 461
6 93 461
7 93 461
8 93 461
9 93 461
10 93 461
11 93 461
12 93 461
13 93 461
14 93 461
15 93 461
16 93 461
17 93 461
18 93 461
19 93 461
20 93 461
21 93 461
22 93 461
23 93 461
24 93 461
25 93 461
26 93 461
27 93 461
28 93 461
29 93 461
30 93 461
31 93 461
32 93 461
33 93 461
34 93 461
35 93 461
36 93 461
37 93 461
38 93 461
39 93 461
40 93 461
41 93 461
42 93 461
43 93 461
44 93 461
45 93 461
46 93 461
47 93 461
48 93 461
49 93 461
50 93 461
51 93 461
52 93 461
53 93 461
54 93 461
55 93 461
56 93 461
57 93 461
58 93 461
59 93 461
60 93 461
61 93 461
62 93 461
63 93 461
64 93 461
65 93 461
66 93 461
67 93 461
68 93 461
69 93 461
70 93 461
71 93 461
72 93 461
73 93 461
74 93 461
75 93 461
76 93 461
77 93 461
78 93 461
79 93 461
80 93 461
81 93 461
82 93 461
83 93 461
84 93 461
85 93 461
86 93 461
87 93 461
88 93 461
89 93 461
90 93 461
91 93 461
92 93 461
93 93 461
0 94 461
1 94 461
2 94 461
3 94 461
4 94 461
5 94 461
6 94 461
7 94 461
8 94 461
9 94 461
10 94 461
11 94 461
12 94 461
13 94 461
14 94 461
15 94 461
16 94 461
17 94 461
18 94 461
19 94 461
20 94 461
21 94 461
22 94 461
23 94 461
24 94 461
25 94 461
26 94 461
27 94 461
28 94 461
29 94 461
30 94 461
31 94 461
32 94 461
33 94 461
34 94 461
35 94 461
36 94 461
37 94 461
38 94 461
39 94 461
40 94 461
41 94 461
42 94 461
43 94 461
44 94 461
45 94 461
46 94 461
47 94 461
48 94 461
49 94 461
50 94 461
51 94 461
52 94 461
53 94 461
54 94 461
55 94 461
56 94 461
57 94 461
58 94 461
59 94 461
60 94 461
61 94 461
62 94 461
63 94 461
64 94 461
65 94 461
66 94 461
67 94 461
68 94 461
69 94 461
70 94 461
71 94 461
72 94 461
73 94 461
74 94 461
75 94 461
76 94 461
77 94 461
78 94 461
79 94 461
80 94 461
81 94 461
82 94 461
83 94 461
84 94 461
85 94 461
86 94 461
87 94 461
88 94 461
89 94 461
90 94 461
91 94 461
92 94 461
93 94 461
94 94 461
0 95 461
1 95 461
2 95 461
3 95 461
4 95 461
5 95 461
6 95 461
7 95 461
8 95 461
9 95 461
10 95 461
11 95 461
12 95 461
13 95 461
14 95 461
15 95 461
16 95 461
17 95 461
18 95 461
19 95 461
20 95 461
21 95 461
22 95 461
23 95 461
24 95 461
25 95 461
26 95 461
27 95 461
28 95 461
29 95 461
30 95 461
31 95 461
32 95 461
33 95 461
34 95 461
35 95 461
36 95 461
37 95 461
38 95 461
39 95 461
40 95 461
41 95 461
42 95 461
43 95 461
44 95 461
45 95 461
46 95 461
47 95 461
48 95 461
49 95 461
50 95 461
51 95 461
52 95 461
53 95 461
54 95 461
55 95 461
56 95 461
57 95 461
58 95 461
59 95 461
60 95 461
61 95 461
62 95 461
63 95 461
64 95 461
65 95 461
66 95 461
67 95 461
68 95 461
69 95 461
70 95 461
71 95 461
72 95 461
73 95 461
74 95 461
75 95 461
76 95 461
77 95 461
78 95 461
79 95 461
80 95 461
81 95 461
82 95 461
83 95 461
84 95 461
85 95 461
86 95 461
87 95 461
88 95 461
89 95 461
90 95 461
91 95 461
92 95 461
93 95 461
94 95 461
95 95 461
0 96 461
1 96 461
2 96 461
3 96 461
4 96 461
5 96 461
6 96 461
7 96 461
8 96 461
9 96 461
10 96 461
11 96 461
12 96 461
13 96 461
14 96 461
15 96 461
16 96 461
17 96 461
18 96 461
19 96 461
20 96 461
21 96 461
22 96 461
23 96 461
24 96 461
25 96 461
26 96 461
27 96 461
28 96 461
29 96 461
30 96 461
31 96 461
32 96 461
33 96 461
34 96 461
35 96 461
36 96 461
37 96 461
38 96 461
39 96 461
40 96 461
41 96 461
42 96 461
43 96 461
44 96 461
45 96 461
46 96 461
47 96 461
48 96 461
49 96 461
50 96 461
51 96 461
52 96 461
53 96 461
54 96 461
55 96 461
56 96 461
57 96 461
58 96 461
59 96 461
60 96 461
61 96 461
62 96 461
63 96 461
64 96 461
65 96 461
66 96 461
67 96 461
68 96 461
69 96 461
70 96 461
71 96 461
72 96 461
73 96 461
74 96 461
75 96 461
76 96 461
77 96 461
78 96 461
79 96 461
80 96 461
81 96 461
82 96 461
83 96 461
84 96 461
85 96 461
86 96 461
87 96 461
88 96 461
89 96 461
90 96 461
91 96 461
92 96 461
93 96 461
94 96 461
95 96 461
96 96 461
0 97 461
1 97 461
2 97 461
3 97 461
4 97 461
5 97 461
6 97 461
7 97 461
8 97 461
9 97 461
10 97 461
11 97 461
12 97 461
13 97 461
14 97 461
15 97 461
16 97 461
17 97 461
18 97 461
19 97 461
20 97 461
21 97 461
22 97 461
23 97 461
24 97 461
25 97 461
26 97 461
27 97 461
28 97 461
29 97 461
30 97 461
31 97 461
32 97 461
33 97 461
34 97 461
35 97 461
36 97 461
37 97 461
38 97 461
39 97 461
40 97 461
41 97 461
42 97 461
43 97 461
44 97 461
45 97 461
46 97 461
47 97 461
48 97 461
49 97 461
50 97 461
51 97 461
52 97 461
53 97 461
54 97 461
55 97 461
56 97 461
57 97 461
58 97 461
59 97 461
60 97 461
61 97 461
62 97 461
63 97 461
64 97 461
65 97 461
66 97 461
67 97 461
68 97 461
69 97 461
70 97 461
71 97 461
72 97 461
73 97 461
74 97 461
75 97 461
76 97 461
77 97 461
78 97 461
79 97 461
80 97 461
81 97 461
82 97 461
83 97 461
84 97 461
85 97 461
86 97 461
87 97 461
88 97 461
89 97 461
90 97 461
91 97 461
92 97 461
93 97 461
94 97 461
95 97 461
96 97 461
97 97 461
0 98 461
1 98 461
2 98 461
3 98 461
4 98 461
5 98 461
6 98 461
7 98 461
8 98 461
9 98 461
10 98 461
11 98 461
12 98 461
13 98 461
14 98 461
15 98 461
16 98 461
17 98 461
18 98 461
19 98 461
20 98 461
21 98 461
22 98 461
23 98 461
24 98 461
25 98 461
26 98 461
27 98 461
28 98 461
29 98 461
30 98 461
31 98 461
32 98 461
33 98 461
34 98 461
35 98 461
36 98 461
37 98 461
38 98 461
39 98 461
40 98 461
41 98 461
42 98 461
43 98 461
44 98 461
45 98 461
46 98 461
47 98 461
48 98 461
49 98 461
50 98 461
51 98 461
52 98 461
53 98 461
54 98 461
55 98 461
56 98 461
57 98 461
58 98 461
59 98 461
60 98 461
61 98 461
62 98 461
63 98 461
64 98 461
65 98 461
66 98 461
67 98 461
68 98 461
69 98 461
70 98 461
71 98 461
72 98 461
73 98 461
74 98 461
75 98 461
76 98 461
77 98 461
78 98 461
79 98 461
80 98 461
81 98 461
82 98 461
83 98 461
84 98 461
85 98 461
86 98 461
87 98 461
88 98 461
89 98 461
90 98 461
91 98 461
92 98 461
93 98 461
94 98 461
95 98 461
96 98 461
97 98 461
98 98 461
0 99 461
1 99 461
2 99 461
3 99 461
4 99 461
5 99 461
6 99 461
7 99 461
8 99 461
9 99 461
10 99 461
11 99 461
12 99 461
13 99 461
14 99 461
15 99 461
16 99 461
17 99 461
18 99 461
19 99 461
20 99 461
21 99 461
22 99 461
23 99 461
24 99 461
25 99 461
26 99 461
27 99 461
28 99 461
29 99 461
30 99 461
31 99 461
32 99 461
33 99 461
34 99 461
35 99 461
36 99 461
37 99 461
38 99 461
39 99 461
40 99 461
41 99 461
42 99 461
43 99 461
44 99 461
45 99 461
46 99 461
47 99 461
48 99 461
49 99 461
50 99 461
51 99 461
52 99 461
53 99 461
54 99 461
55 99 461
56 99 461
57 99 461
58 99 461
59 99 461
60 99 461
61 99 461
62 99 461
63 99 461
64 99 461
65 99 461
66 99 461
67 99 461
68 99 461
69 99 461
70 99 461
71 99 461
72 99 461
73 99 461
74 99 461
75 99 461
76 99 461
77 99 461
78 99 461
79 99 461
80 99 461
81 99 461
82 99 461
83 99 461
84 99 461
85 99 461
86 99 461
87 99 461
88 99 461
89 99 461
90 99 461
91 99 461
92 99 461
93 99 461
94 99 461
95 99 461
96 99 461
97 99 461
98 99 461
99 99 461
0 100 461
1 100 461
2 100 461
3 100 461
4 100 461
5 100 461
6 100 461
7 100 461
8 100 461
9 100 461
10 100 461
11 100 461
12 100 461
13 100 461
14 100 461
15 100 461
16 100 461
17 100 461
18 100 461
19 100 461
20 100 461
21 100 461
22 100 461
23 100 461
24 100 461
25 100 461
26 100 461
27 100 461
28 100 461
29 100 461
30 100 461
31 100 461
32 100 461
33 100 461
34 100 461
35 100 461
36 100 461
37 100 461
38 100 461
39 100 461
40 100 461
41 100 461
42 100 461
43 100 461
44 100 461
45 100 461
46 100 461
47 100 461
48 100 461
49 100 461
50 100 461
51 100 461
52 100 461
53 100 461
54 100 461
55 100 461
56 100 461
57 100 461
58 100 461
59 100 461
60 100 461
61 100 461
62 100 461
63 100 461
64 100 461
65 100 461
66 100 461
67 100 461
68 100 461
69 100 461
70 100 461
71 100 461
72 100 461
73 100 461
74 100 461
75 100 461
76 100 461
77 100 461
78 100 461
79 100 461
80 100 461
81 100 461
82 100 461
83 100 461
84 100 461
85 100 461
86 100 461
87 100 461
88 100 461
89 100 461
90 100 461
91 100 461
92 100 461
93 100 461
94 100 461
95 100 461
96 100 461
97 100 461
98 100 461
99 100 461
100 100 461
