20 44
20 44
20 44
20 44
20 44
20 64
20 64
20 64
20 64
20 64
20 128
20 131
20 101
20 137
20 80
20 174
20 122
20 157
20 188
20 197
20 284
20 299
20 234
20 185
20 396
20 347
20 364
20 488
20 223
20 258
20 408
20 385
20 344
20 472
20 478
20 576
20 448
20 446
20 439
20 477
20 452
20 533
20 615
20 506
20 754
20 601
20 700
20 584
20 576
20 480
20 471
20 799
20 631
20 770
20 501
20 701
20 800
20 668
20 1276
20 776
20 862
20 659
20 682
20 735
20 795
20 1009
20 838
20 804
20 955
20 646
20 730
20 908
20 1039
20 1350
20 620
20 1051
20 958
20 619
20 830
20 770
20 1229
20 1230
20 877
20 893
20 816
20 754
20 840
20 998
20 820
20 777
20 616
20 1036
20 1213
20 868
20 777
20 1111
20 945
20 1031
20 1612
20 1075
20 1694
20 805
20 948
20 1145
20 1383
20 1072
20 849
20 990
20 879
20 939
20 997
20 669
20 984
20 1272
20 966
20 1441
20 867
20 1030
20 1052
20 1230
20 912
20 1082
20 1103
20 767
20 1105
20 1646
20 1102
20 1165
20 827
20 1024
20 995
20 1099
20 932
20 1158
20 754
20 1078
20 1254
20 852
20 998
20 1016
20 1381
20 871
20 1601
20 1206
20 1104
20 1218
20 817
20 1174
20 1276
20 890
20 1148
20 1296
20 1136
20 1420
20 937
20 1152
20 1045
20 1130
20 1127
20 1332
20 1149
20 1368
20 998
20 915
20 1504
20 1281
20 1268
20 1148
20 2173
20 1030
20 2056
20 1307
20 1542
20 1107
20 1112
20 1336
20 1091
20 1121
20 1334
20 1099
20 1256
20 1542
20 1302
20 1613
20 1142
20 1278
20 1607
20 905
20 1516
20 1317
20 988
20 1143
20 1410
20 1090
20 1163
20 1399
20 1568
20 929
20 1088
20 1123
20 1189
20 1169
20 1021
20 1028
20 1263
20 1137
20 1083
20 1253
20 906
20 908
20 1607
20 974
20 1185
20 1190
20 1227
20 2106
20 1253
20 1690
20 1028
20 1494
20 1019
20 2007
20 1388
20 1590
20 1297
20 1410
20 1519
20 1415
20 1153
20 975
20 1834
20 1318
20 1168
20 1160
20 1419
20 1060
20 922
20 1615
20 984
20 1036
20 1471
20 1391
20 1295
20 1099
20 1227
20 1213
20 973
20 1619
20 1394
20 1516
20 1645
20 1720
20 1079
20 1820
20 1654
20 1184
20 1341
20 1214
20 1739
20 1113
20 1318
20 2063
20 1535
20 2065
20 1977
20 1576
20 1183
20 1245
20 1047
20 1922
20 1099
20 1147
20 1999
20 1399
20 1038
20 1739
20 1627
20 1467
20 1658
20 1362
20 1333
20 1456
20 1368
20 1114
20 1005
20 1939
20 1730
20 1508
20 1801
20 1541
20 1825
20 1599
20 1237
20 1471
20 1651
20 1744
20 1066
20 1542
20 1446
20 1917
20 2198
20 1944
20 1564
20 1314
20 2200
20 2364
20 2143
20 1560
20 2137
20 1488
20 1526
20 1497
20 2303
20 1630
20 1475
20 1520
20 1004
20 2448
20 1578
20 1644
20 1083
20 1999
20 1447
20 1656
20 1871
20 2011
20 1151
20 1899
20 1350
20 1635
20 1631
20 2333
20 1986
20 1514
20 1275
20 1224
20 1775
20 1588
20 1714
20 1731
20 1818
20 2210
20 1584
20 1305
20 1362
20 1140
20 1907
20 1773
20 1855
20 1378
20 1507
20 1909
20 1984
20 1656
20 1761
20 1615
20 1518
20 1956
20 1957
20 1305
20 1367
20 1739
20 1572
20 2011
20 1599
20 1585
20 1798
20 2270
20 1471
20 1166
20 1183
20 1830
20 1758
20 1589
20 1355
20 1681
20 2125
20 1912
20 2335
20 1622
20 1700
20 1834
20 1576
20 1616
20 1798
20 1781
20 1382
20 1882
20 1293
20 2087
20 1838
20 1863
20 2200
20 1810
20 1819
20 1646
20 1443
20 1759
20 1737
20 1765
20 1472
20 1722
20 2035
20 1683
20 1838
20 1531
20 1948
20 2736
20 1955
20 1236
20 1994
20 2368
20 1837
20 2381
20 1393
20 1558
20 1757
20 2016
20 2030
20 1540
20 2229
20 2067
20 1688
20 1441
20 1824
20 2080
20 2239
20 2168
20 1811
20 2148
20 1919
20 1486
20 1690
20 2112
20 1430
20 1383
20 1550
20 2055
20 1819
20 1792
20 1936
20 2038
20 2297
20 1728
20 1467
20 1355
20 1705
20 1772
20 1854
20 1901
20 1635
20 2307
20 1968
20 1914
20 1666
20 1985
20 2244
20 2281
20 1460
20 2115
20 1223
20 2636
20 2316
20 1362
20 2506
20 1976
20 1476
20 2024
20 1485
20 1971
20 1788
20 1567
20 1798
20 2035
20 2329
20 1441
20 2575
20 1487
20 1955
20 2474
20 1719
20 2057
20 2126
20 2090
20 1584
20 1677
20 2060
20 1970
20 1883
20 1847
20 2464
20 1250
20 1572
20 1783
20 2336
20 2531
20 2032
20 1629
20 2167
20 1386
20 1795
20 2173
20 2383
20 1630
20 2509
