0 1 261
0 2 261
1 2 261
0 3 261
1 3 261
2 3 261
0 4 261
1 4 261
2 4 261
3 4 261
0 5 261
1 5 261
2 5 261
3 5 261
4 5 261
0 6 261
1 6 261
2 6 261
3 6 261
4 6 261
5 6 261
0 7 261
1 7 261
2 7 261
3 7 261
4 7 261
5 7 261
6 7 261
0 8 284
1 8 284
2 8 284
3 8 284
4 8 284
5 8 284
6 8 284
7 8 284
0 9 299
1 9 299
2 9 299
3 9 299
4 9 299
5 9 299
6 9 299
7 9 299
8 9 299
0 10 329
1 10 329
2 10 329
3 10 329
4 10 329
5 10 329
6 10 329
7 10 329
8 10 329
9 10 329
0 11 329
1 11 329
2 11 329
3 11 329
4 11 329
5 11 329
6 11 329
7 11 329
8 11 329
9 11 329
10 11 329
0 12 335
1 12 335
2 12 335
3 12 335
4 12 335
5 12 335
6 12 335
7 12 335
8 12 335
9 12 335
10 12 335
11 12 335
0 13 340
1 13 340
2 13 340
3 13 340
4 13 340
5 13 340
6 13 340
7 13 340
8 13 340
9 13 340
10 13 340
11 13 340
12 13 340
0 14 340
1 14 340
2 14 340
3 14 340
4 14 340
5 14 340
6 14 340
7 14 340
8 14 340
9 14 340
10 14 340
11 14 340
12 14 340
13 14 340
0 15 379
1 15 379
2 15 379
3 15 379
4 15 379
5 15 379
6 15 379
7 15 379
8 15 379
9 15 379
10 15 379
11 15 379
12 15 379
13 15 379
14 15 379
0 16 398
1 16 398
2 16 398
3 16 398
4 16 398
5 16 398
6 16 398
7 16 398
8 16 388
9 16 388
10 16 388
11 16 388
12 16 388
13 16 388
14 16 388
15 16 388
0 17 411
1 17 411
2 17 411
3 17 411
4 17 411
5 17 411
6 17 411
7 17 411
8 17 407
9 17 398
10 17 398
11 17 398
12 17 398
13 17 398
14 17 398
15 17 398
16 17 398
0 18 411
1 18 411
2 18 411
3 18 411
4 18 411
5 18 411
6 18 411
7 18 411
8 18 407
9 18 398
10 18 398
11 18 398
12 18 398
13 18 398
14 18 398
15 18 398
16 18 398
17 18 398
0 19 416
1 19 416
2 19 416
3 19 416
4 19 416
5 19 416
6 19 416
7 19 416
8 19 412
9 19 412
10 19 407
11 19 407
12 19 407
13 19 407
14 19 407
15 19 407
16 19 407
17 19 407
18 19 407
0 20 429
1 20 429
2 20 429
3 20 429
4 20 429
5 20 429
6 20 429
7 20 429
8 20 425
9 20 421
10 20 422
11 20 422
12 20 422
13 20 422
14 20 422
15 20 422
16 20 422
17 20 422
18 20 422
19 20 422
0 21 429
1 21 429
2 21 429
3 21 429
4 21 429
5 21 429
6 21 429
7 21 429
8 21 425
9 21 421
10 21 422
11 21 422
12 21 422
13 21 422
14 21 422
15 21 422
16 21 422
17 21 422
18 21 422
19 21 422
20 21 422
0 22 430
1 22 430
2 22 430
3 22 430
4 22 430
5 22 430
6 22 430
7 22 430
8 22 426
9 22 422
10 22 423
11 22 423
12 22 423
13 22 423
14 22 423
15 22 423
16 22 423
17 22 423
18 22 423
19 22 423
20 22 423
21 22 423
0 23 439
1 23 439
2 23 439
3 23 439
4 23 439
5 23 439
6 23 439
7 23 439
8 23 435
9 23 431
10 23 434
11 23 434
12 23 434
13 23 434
14 23 434
15 23 434
16 23 434
17 23 434
18 23 434
19 23 434
20 23 434
21 23 434
22 23 434
0 24 441
1 24 441
2 24 441
3 24 441
4 24 441
5 24 441
6 24 441
7 24 441
8 24 439
9 24 436
10 24 439
11 24 439
12 24 439
13 24 439
14 24 439
15 24 439
16 24 439
17 24 439
18 24 439
19 24 439
20 24 439
21 24 439
22 24 439
23 24 439
0 25 443
1 25 443
2 25 443
3 25 443
4 25 443
5 25 443
6 25 443
7 25 443
8 25 441
9 25 442
10 25 445
11 25 445
12 25 445
13 25 444
14 25 444
15 25 444
16 25 444
17 25 442
18 25 442
19 25 442
20 25 442
21 25 442
22 25 442
23 25 442
24 25 442
0 26 443
1 26 443
2 26 443
3 26 443
4 26 443
5 26 443
6 26 443
7 26 443
8 26 441
9 26 442
10 26 445
11 26 445
12 26 445
13 26 444
14 26 444
15 26 444
16 26 444
17 26 442
18 26 442
19 26 442
20 26 442
21 26 442
22 26 442
23 26 442
24 26 442
25 26 442
0 27 443
1 27 443
2 27 443
3 27 443
4 27 443
5 27 443
6 27 443
7 27 443
8 27 441
9 27 442
10 27 445
11 27 445
12 27 445
13 27 444
14 27 444
15 27 444
16 27 444
17 27 442
18 27 442
19 27 442
20 27 442
21 27 442
22 27 442
23 27 442
24 27 442
25 27 442
26 27 442
0 28 445
1 28 445
2 28 445
3 28 445
4 28 445
5 28 445
6 28 445
7 28 445
8 28 443
9 28 444
10 28 445
11 28 445
12 28 445
13 28 444
14 28 444
15 28 444
16 28 444
17 28 443
18 28 443
19 28 442
20 28 442
21 28 442
22 28 442
23 28 442
24 28 442
25 28 442
26 28 442
27 28 442
0 29 446
1 29 446
2 29 446
3 29 446
4 29 446
5 29 446
6 29 446
7 29 446
8 29 444
9 29 445
10 29 446
11 29 446
12 29 446
13 29 445
14 29 445
15 29 445
16 29 445
17 29 444
18 29 444
19 29 443
20 29 443
21 29 443
22 29 443
23 29 443
24 29 443
25 29 443
26 29 443
27 29 443
28 29 443
0 30 448
1 30 448
2 30 448
3 30 448
4 30 448
5 30 448
6 30 448
7 30 448
8 30 446
9 30 447
10 30 445
11 30 445
12 30 445
13 30 444
14 30 444
15 30 444
16 30 444
17 30 443
18 30 443
19 30 443
20 30 443
21 30 443
22 30 443
23 30 443
24 30 443
25 30 443
26 30 443
27 30 443
28 30 443
29 30 443
0 31 448
1 31 448
2 31 448
3 31 448
4 31 448
5 31 448
6 31 448
7 31 448
8 31 448
9 31 449
10 31 447
11 31 447
12 31 447
13 31 446
14 31 446
15 31 446
16 31 446
17 31 445
18 31 445
19 31 445
20 31 445
21 31 445
22 31 445
23 31 445
24 31 445
25 31 445
26 31 445
27 31 445
28 31 445
29 31 445
30 31 445
0 32 448
1 32 448
2 32 448
3 32 448
4 32 448
5 32 448
6 32 448
7 32 448
8 32 448
9 32 449
10 32 447
11 32 447
12 32 447
13 32 446
14 32 446
15 32 446
16 32 446
17 32 445
18 32 445
19 32 445
20 32 445
21 32 445
22 32 445
23 32 445
24 32 445
25 32 445
26 32 445
27 32 445
28 32 445
29 32 445
30 32 445
31 32 445
0 33 448
1 33 448
2 33 448
3 33 448
4 33 448
5 33 448
6 33 448
7 33 448
8 33 448
9 33 449
10 33 447
11 33 447
12 33 447
13 33 446
14 33 446
15 33 446
16 33 446
17 33 445
18 33 445
19 33 445
20 33 445
21 33 445
22 33 445
23 33 445
24 33 445
25 33 445
26 33 445
27 33 445
28 33 445
29 33 445
30 33 445
31 33 445
32 33 445
0 34 449
1 34 449
2 34 449
3 34 449
4 34 449
5 34 449
6 34 449
7 34 449
8 34 449
9 34 448
10 34 446
11 34 446
12 34 446
13 34 445
14 34 445
15 34 445
16 34 445
17 34 445
18 34 445
19 34 445
20 34 446
21 34 446
22 34 446
23 34 446
24 34 446
25 34 446
26 34 446
27 34 446
28 34 446
29 34 446
30 34 446
31 34 446
32 34 446
33 34 446
0 35 449
1 35 449
2 35 449
3 35 449
4 35 449
5 35 449
6 35 449
7 35 449
8 35 449
9 35 448
10 35 446
11 35 446
12 35 446
13 35 445
14 35 445
15 35 445
16 35 445
17 35 445
18 35 445
19 35 445
20 35 446
21 35 446
22 35 446
23 35 446
24 35 446
25 35 446
26 35 446
27 35 446
28 35 446
29 35 446
30 35 446
31 35 446
32 35 446
33 35 446
34 35 446
0 36 449
1 36 449
2 36 449
3 36 449
4 36 449
5 36 449
6 36 449
7 36 449
8 36 449
9 36 448
10 36 446
11 36 446
12 36 446
13 36 445
14 36 445
15 36 445
16 36 445
17 36 445
18 36 445
19 36 445
20 36 446
21 36 446
22 36 446
23 36 446
24 36 446
25 36 446
26 36 446
27 36 446
28 36 446
29 36 446
30 36 446
31 36 446
32 36 446
33 36 446
34 36 446
35 36 446
0 37 449
1 37 449
2 37 449
3 37 449
4 37 449
5 37 449
6 37 449
7 37 449
8 37 449
9 37 448
10 37 447
11 37 447
12 37 447
13 37 446
14 37 446
15 37 446
16 37 446
17 37 446
18 37 446
19 37 446
20 37 447
21 37 447
22 37 447
23 37 447
24 37 447
25 37 447
26 37 447
27 37 447
28 37 447
29 37 447
30 37 447
31 37 447
32 37 447
33 37 447
34 37 447
35 37 447
36 37 447
0 38 449
1 38 449
2 38 449
3 38 449
4 38 449
5 38 449
6 38 449
7 38 449
8 38 449
9 38 448
10 38 447
11 38 447
12 38 447
13 38 447
14 38 447
15 38 447
16 38 447
17 38 447
18 38 447
19 38 447
20 38 448
21 38 448
22 38 448
23 38 448
24 38 448
25 38 448
26 38 448
27 38 448
28 38 448
29 38 448
30 38 448
31 38 448
32 38 448
33 38 448
34 38 448
35 38 448
36 38 448
37 38 448
0 39 449
1 39 449
2 39 449
3 39 449
4 39 449
5 39 449
6 39 449
7 39 449
8 39 449
9 39 448
10 39 447
11 39 447
12 39 447
13 39 447
14 39 447
15 39 447
16 39 447
17 39 447
18 39 447
19 39 447
20 39 448
21 39 448
22 39 448
23 39 448
24 39 448
25 39 448
26 39 448
27 39 448
28 39 448
29 39 448
30 39 448
31 39 448
32 39 448
33 39 448
34 39 448
35 39 448
36 39 448
37 39 448
38 39 448
0 40 449
1 40 449
2 40 449
3 40 449
4 40 449
5 40 449
6 40 449
7 40 449
8 40 449
9 40 448
10 40 448
11 40 448
12 40 448
13 40 448
14 40 448
15 40 448
16 40 448
17 40 448
18 40 448
19 40 448
20 40 448
21 40 448
22 40 448
23 40 448
24 40 448
25 40 448
26 40 448
27 40 448
28 40 448
29 40 448
30 40 448
31 40 448
32 40 448
33 40 448
34 40 448
35 40 448
36 40 448
37 40 448
38 40 448
39 40 448
0 41 449
1 41 449
2 41 449
3 41 449
4 41 449
5 41 449
6 41 449
7 41 449
8 41 449
9 41 448
10 41 448
11 41 448
12 41 448
13 41 448
14 41 448
15 41 448
16 41 448
17 41 448
18 41 448
19 41 448
20 41 448
21 41 448
22 41 448
23 41 448
24 41 448
25 41 448
26 41 448
27 41 448
28 41 448
29 41 448
30 41 448
31 41 448
32 41 448
33 41 448
34 41 448
35 41 448
36 41 448
37 41 448
38 41 448
39 41 448
40 41 448
0 42 449
1 42 449
2 42 449
3 42 449
4 42 449
5 42 449
6 42 449
7 42 449
8 42 449
9 42 449
10 42 449
11 42 449
12 42 449
13 42 449
14 42 449
15 42 449
16 42 449
17 42 449
18 42 449
19 42 449
20 42 449
21 42 449
22 42 449
23 42 449
24 42 449
25 42 449
26 42 449
27 42 449
28 42 449
29 42 449
30 42 449
31 42 449
32 42 449
33 42 449
34 42 449
35 42 449
36 42 449
37 42 449
38 42 449
39 42 449
40 42 449
41 42 449
0 43 449
1 43 449
2 43 449
3 43 449
4 43 449
5 43 449
6 43 449
7 43 449
8 43 449
9 43 449
10 43 449
11 43 449
12 43 449
13 43 449
14 43 449
15 43 449
16 43 449
17 43 449
18 43 449
19 43 449
20 43 449
21 43 449
22 43 449
23 43 449
24 43 449
25 43 449
26 43 449
27 43 449
28 43 449
29 43 449
30 43 449
31 43 449
32 43 449
33 43 449
34 43 449
35 43 449
36 43 449
37 43 449
38 43 449
39 43 449
40 43 449
41 43 449
42 43 449
0 44 449
1 44 449
2 44 449
3 44 449
4 44 449
5 44 449
6 44 449
7 44 449
8 44 449
9 44 449
10 44 449
11 44 449
12 44 449
13 44 449
14 44 449
15 44 449
16 44 449
17 44 449
18 44 449
19 44 449
20 44 449
21 44 449
22 44 449
23 44 449
24 44 449
25 44 449
26 44 449
27 44 449
28 44 449
29 44 449
30 44 449
31 44 449
32 44 449
33 44 449
34 44 449
35 44 449
36 44 449
37 44 449
38 44 449
39 44 449
40 44 449
41 44 449
42 44 449
43 44 449
0 45 449
1 45 449
2 45 449
3 45 449
4 45 449
5 45 449
6 45 449
7 45 449
8 45 449
9 45 449
10 45 449
11 45 449
12 45 449
13 45 449
14 45 449
15 45 449
16 45 449
17 45 449
18 45 449
19 45 449
20 45 449
21 45 449
22 45 449
23 45 449
24 45 449
25 45 449
26 45 449
27 45 449
28 45 449
29 45 449
30 45 449
31 45 449
32 45 449
33 45 449
34 45 449
35 45 449
36 45 449
37 45 449
38 45 449
39 45 449
40 45 449
41 45 449
42 45 449
43 45 449
44 45 449
0 46 449
1 46 449
2 46 449
3 46 449
4 46 449
5 46 449
6 46 449
7 46 449
8 46 449
9 46 449
10 46 449
11 46 449
12 46 449
13 46 449
14 46 449
15 46 449
16 46 449
17 46 449
18 46 449
19 46 449
20 46 449
21 46 449
22 46 449
23 46 449
24 46 449
25 46 449
26 46 449
27 46 449
28 46 449
29 46 449
30 46 449
31 46 449
32 46 449
33 46 449
34 46 449
35 46 449
36 46 449
37 46 449
38 46 449
39 46 449
40 46 449
41 46 449
42 46 449
43 46 449
44 46 449
45 46 449
0 47 449
1 47 449
2 47 449
3 47 449
4 47 449
5 47 449
6 47 449
7 47 449
8 47 449
9 47 449
10 47 449
11 47 449
12 47 449
13 47 449
14 47 449
15 47 449
16 47 449
17 47 449
18 47 449
19 47 449
20 47 449
21 47 449
22 47 449
23 47 449
24 47 449
25 47 449
26 47 449
27 47 449
28 47 449
29 47 449
30 47 449
31 47 449
32 47 449
33 47 449
34 47 449
35 47 449
36 47 449
37 47 449
38 47 449
39 47 449
40 47 449
41 47 449
42 47 449
43 47 449
44 47 449
45 47 449
46 47 449
0 48 449
1 48 449
2 48 449
3 48 449
4 48 449
5 48 449
6 48 449
7 48 449
8 48 449
9 48 449
10 48 449
11 48 449
12 48 449
13 48 449
14 48 449
15 48 449
16 48 449
17 48 449
18 48 449
19 48 449
20 48 449
21 48 449
22 48 449
23 48 449
24 48 449
25 48 449
26 48 449
27 48 449
28 48 449
29 48 449
30 48 449
31 48 449
32 48 449
33 48 449
34 48 449
35 48 449
36 48 449
37 48 449
38 48 449
39 48 449
40 48 449
41 48 449
42 48 449
43 48 449
44 48 449
45 48 449
46 48 449
47 48 449
0 49 449
1 49 449
2 49 449
3 49 449
4 49 449
5 49 449
6 49 449
7 49 449
8 49 449
9 49 449
10 49 449
11 49 449
12 49 449
13 49 449
14 49 449
15 49 449
16 49 449
17 49 449
18 49 449
19 49 449
20 49 449
21 49 449
22 49 449
23 49 449
24 49 449
25 49 449
26 49 449
27 49 449
28 49 449
29 49 449
30 49 449
31 49 449
32 49 449
33 49 449
34 49 449
35 49 449
36 49 449
37 49 449
38 49 449
39 49 449
40 49 449
41 49 449
42 49 449
43 49 449
44 49 449
45 49 449
46 49 449
47 49 449
48 49 449
0 50 449
1 50 449
2 50 449
3 50 449
4 50 449
5 50 449
6 50 449
7 50 449
8 50 449
9 50 449
10 50 449
11 50 449
12 50 449
13 50 449
14 50 449
15 50 449
16 50 449
17 50 449
18 50 449
19 50 449
20 50 449
21 50 449
22 50 449
23 50 449
24 50 449
25 50 449
26 50 449
27 50 449
28 50 449
29 50 449
30 50 449
31 50 449
32 50 449
33 50 449
34 50 449
35 50 449
36 50 449
37 50 449
38 50 449
39 50 449
40 50 448
41 50 448
42 50 448
43 50 448
44 50 448
45 50 448
46 50 448
47 50 448
48 50 448
49 50 448
0 51 449
1 51 449
2 51 449
3 51 449
4 51 449
5 51 449
6 51 449
7 51 449
8 51 449
9 51 449
10 51 449
11 51 449
12 51 449
13 51 449
14 51 449
15 51 449
16 51 449
17 51 449
18 51 449
19 51 449
20 51 449
21 51 449
22 51 449
23 51 449
24 51 449
25 51 449
26 51 449
27 51 449
28 51 449
29 51 449
30 51 449
31 51 449
32 51 449
33 51 449
34 51 449
35 51 449
36 51 449
37 51 449
38 51 449
39 51 449
40 51 448
41 51 448
42 51 448
43 51 448
44 51 448
45 51 448
46 51 448
47 51 448
48 51 448
49 51 448
50 51 448
0 52 449
1 52 449
2 52 449
3 52 449
4 52 449
5 52 449
6 52 449
7 52 449
8 52 449
9 52 449
10 52 449
11 52 449
12 52 449
13 52 449
14 52 449
15 52 449
16 52 449
17 52 449
18 52 449
19 52 449
20 52 449
21 52 449
22 52 449
23 52 449
24 52 449
25 52 449
26 52 449
27 52 449
28 52 449
29 52 449
30 52 449
31 52 449
32 52 449
33 52 449
34 52 449
35 52 449
36 52 449
37 52 449
38 52 449
39 52 449
40 52 448
41 52 448
42 52 448
43 52 448
44 52 448
45 52 448
46 52 448
47 52 448
48 52 448
49 52 448
50 52 448
51 52 448
0 53 449
1 53 449
2 53 449
3 53 449
4 53 449
5 53 449
6 53 449
7 53 449
8 53 449
9 53 449
10 53 449
11 53 449
12 53 449
13 53 449
14 53 449
15 53 449
16 53 449
17 53 449
18 53 449
19 53 449
20 53 449
21 53 449
22 53 449
23 53 449
24 53 449
25 53 449
26 53 449
27 53 449
28 53 449
29 53 449
30 53 449
31 53 449
32 53 449
33 53 449
34 53 449
35 53 449
36 53 449
37 53 449
38 53 449
39 53 449
40 53 448
41 53 448
42 53 448
43 53 448
44 53 448
45 53 448
46 53 448
47 53 448
48 53 448
49 53 448
50 53 448
51 53 448
52 53 448
0 54 449
1 54 449
2 54 449
3 54 449
4 54 449
5 54 449
6 54 449
7 54 449
8 54 449
9 54 449
10 54 449
11 54 449
12 54 449
13 54 449
14 54 449
15 54 449
16 54 449
17 54 449
18 54 449
19 54 449
20 54 449
21 54 449
22 54 449
23 54 449
24 54 449
25 54 449
26 54 449
27 54 449
28 54 449
29 54 449
30 54 449
31 54 449
32 54 449
33 54 449
34 54 449
35 54 449
36 54 449
37 54 449
38 54 449
39 54 449
40 54 448
41 54 448
42 54 448
43 54 448
44 54 448
45 54 448
46 54 448
47 54 448
48 54 448
49 54 448
50 54 448
51 54 448
52 54 448
53 54 448
0 55 449
1 55 449
2 55 449
3 55 449
4 55 449
5 55 449
6 55 449
7 55 449
8 55 449
9 55 449
10 55 449
11 55 449
12 55 449
13 55 449
14 55 449
15 55 449
16 55 449
17 55 449
18 55 449
19 55 449
20 55 449
21 55 449
22 55 449
23 55 449
24 55 449
25 55 449
26 55 449
27 55 449
28 55 449
29 55 449
30 55 449
31 55 449
32 55 449
33 55 449
34 55 449
35 55 449
36 55 449
37 55 449
38 55 449
39 55 449
40 55 448
41 55 448
42 55 448
43 55 448
44 55 448
45 55 448
46 55 448
47 55 448
48 55 448
49 55 448
50 55 448
51 55 448
52 55 448
53 55 448
54 55 448
0 56 449
1 56 449
2 56 449
3 56 449
4 56 449
5 56 449
6 56 449
7 56 449
8 56 449
9 56 449
10 56 449
11 56 449
12 56 449
13 56 449
14 56 449
15 56 449
16 56 449
17 56 449
18 56 449
19 56 449
20 56 449
21 56 449
22 56 449
23 56 449
24 56 449
25 56 449
26 56 449
27 56 449
28 56 449
29 56 449
30 56 449
31 56 449
32 56 449
33 56 449
34 56 449
35 56 449
36 56 449
37 56 449
38 56 449
39 56 449
40 56 448
41 56 448
42 56 448
43 56 448
44 56 448
45 56 448
46 56 448
47 56 448
48 56 448
49 56 448
50 56 448
51 56 448
52 56 448
53 56 448
54 56 448
55 56 448
0 57 449
1 57 449
2 57 449
3 57 449
4 57 449
5 57 449
6 57 449
7 57 449
8 57 449
9 57 449
10 57 449
11 57 449
12 57 449
13 57 449
14 57 449
15 57 449
16 57 449
17 57 449
18 57 449
19 57 449
20 57 449
21 57 449
22 57 449
23 57 449
24 57 449
25 57 449
26 57 449
27 57 449
28 57 449
29 57 449
30 57 449
31 57 449
32 57 449
33 57 449
34 57 449
35 57 449
36 57 449
37 57 449
38 57 449
39 57 449
40 57 448
41 57 448
42 57 448
43 57 448
44 57 448
45 57 448
46 57 448
47 57 448
48 57 448
49 57 448
50 57 448
51 57 448
52 57 448
53 57 448
54 57 448
55 57 448
56 57 448
0 58 449
1 58 449
2 58 449
3 58 449
4 58 449
5 58 449
6 58 449
7 58 449
8 58 449
9 58 449
10 58 449
11 58 449
12 58 449
13 58 449
14 58 449
15 58 449
16 58 449
17 58 449
18 58 449
19 58 449
20 58 449
21 58 449
22 58 449
23 58 449
24 58 449
25 58 449
26 58 449
27 58 449
28 58 449
29 58 449
30 58 449
31 58 449
32 58 449
33 58 449
34 58 449
35 58 449
36 58 449
37 58 449
38 58 449
39 58 449
40 58 448
41 58 448
42 58 448
43 58 448
44 58 448
45 58 448
46 58 448
47 58 448
48 58 448
49 58 448
50 58 448
51 58 448
52 58 448
53 58 448
54 58 448
55 58 448
56 58 448
57 58 448
0 59 449
1 59 449
2 59 449
3 59 449
4 59 449
5 59 449
6 59 449
7 59 449
8 59 449
9 59 449
10 59 449
11 59 449
12 59 449
13 59 449
14 59 449
15 59 449
16 59 449
17 59 449
18 59 449
19 59 449
20 59 449
21 59 449
22 59 449
23 59 449
24 59 449
25 59 449
26 59 449
27 59 449
28 59 449
29 59 449
30 59 449
31 59 449
32 59 449
33 59 449
34 59 449
35 59 449
36 59 449
37 59 449
38 59 449
39 59 449
40 59 448
41 59 448
42 59 448
43 59 448
44 59 448
45 59 448
46 59 448
47 59 448
48 59 448
49 59 448
50 59 448
51 59 448
52 59 448
53 59 448
54 59 448
55 59 448
56 59 448
57 59 448
58 59 448
0 60 449
1 60 449
2 60 449
3 60 449
4 60 449
5 60 449
6 60 449
7 60 449
8 60 449
9 60 449
10 60 449
11 60 449
12 60 449
13 60 449
14 60 449
15 60 449
16 60 449
17 60 449
18 60 449
19 60 449
20 60 449
21 60 449
22 60 449
23 60 449
24 60 449
25 60 449
26 60 449
27 60 449
28 60 449
29 60 449
30 60 449
31 60 449
32 60 449
33 60 449
34 60 449
35 60 449
36 60 449
37 60 449
38 60 449
39 60 449
40 60 449
41 60 449
42 60 449
43 60 449
44 60 449
45 60 449
46 60 449
47 60 449
48 60 449
49 60 449
50 60 449
51 60 449
52 60 449
53 60 449
54 60 449
55 60 449
56 60 449
57 60 449
58 60 449
59 60 449
0 61 449
1 61 449
2 61 449
3 61 449
4 61 449
5 61 449
6 61 449
7 61 449
8 61 449
9 61 449
10 61 449
11 61 449
12 61 449
13 61 449
14 61 449
15 61 449
16 61 449
17 61 449
18 61 449
19 61 449
20 61 449
21 61 449
22 61 449
23 61 449
24 61 449
25 61 449
26 61 449
27 61 449
28 61 449
29 61 449
30 61 449
31 61 449
32 61 449
33 61 449
34 61 449
35 61 449
36 61 449
37 61 449
38 61 449
39 61 449
40 61 449
41 61 449
42 61 449
43 61 449
44 61 449
45 61 449
46 61 449
47 61 449
48 61 449
49 61 449
50 61 449
51 61 449
52 61 449
53 61 449
54 61 449
55 61 449
56 61 449
57 61 449
58 61 449
59 61 449
60 61 449
0 62 449
1 62 449
2 62 449
3 62 449
4 62 449
5 62 449
6 62 449
7 62 449
8 62 449
9 62 449
10 62 449
11 62 449
12 62 449
13 62 449
14 62 449
15 62 449
16 62 449
17 62 449
18 62 449
19 62 449
20 62 449
21 62 449
22 62 449
23 62 449
24 62 449
25 62 449
26 62 449
27 62 449
28 62 449
29 62 449
30 62 449
31 62 449
32 62 449
33 62 449
34 62 449
35 62 449
36 62 449
37 62 449
38 62 449
39 62 449
40 62 449
41 62 449
42 62 449
43 62 449
44 62 449
45 62 449
46 62 449
47 62 449
48 62 449
49 62 449
50 62 449
51 62 449
52 62 449
53 62 449
54 62 449
55 62 449
56 62 449
57 62 449
58 62 449
59 62 449
60 62 449
61 62 449
0 63 449
1 63 449
2 63 449
3 63 449
4 63 449
5 63 449
6 63 449
7 63 449
8 63 449
9 63 449
10 63 449
11 63 449
12 63 449
13 63 449
14 63 449
15 63 449
16 63 449
17 63 449
18 63 449
19 63 449
20 63 449
21 63 449
22 63 449
23 63 449
24 63 449
25 63 449
26 63 449
27 63 449
28 63 449
29 63 449
30 63 449
31 63 449
32 63 449
33 63 449
34 63 449
35 63 449
36 63 449
37 63 449
38 63 449
39 63 449
40 63 449
41 63 449
42 63 449
43 63 449
44 63 449
45 63 449
46 63 449
47 63 449
48 63 449
49 63 449
50 63 449
51 63 449
52 63 449
53 63 449
54 63 449
55 63 449
56 63 449
57 63 449
58 63 449
59 63 449
60 63 449
61 63 449
62 63 449
0 64 449
1 64 449
2 64 449
3 64 449
4 64 449
5 64 449
6 64 449
7 64 449
8 64 449
9 64 449
10 64 449
11 64 449
12 64 449
13 64 449
14 64 449
15 64 449
16 64 449
17 64 449
18 64 449
19 64 449
20 64 449
21 64 449
22 64 449
23 64 449
24 64 449
25 64 449
26 64 449
27 64 449
28 64 449
29 64 449
30 64 449
31 64 449
32 64 449
33 64 449
34 64 449
35 64 449
36 64 449
37 64 449
38 64 449
39 64 449
40 64 449
41 64 449
42 64 449
43 64 449
44 64 449
45 64 449
46 64 449
47 64 449
48 64 449
49 64 449
50 64 449
51 64 449
52 64 449
53 64 449
54 64 449
55 64 449
56 64 449
57 64 449
58 64 449
59 64 449
60 64 449
61 64 449
62 64 449
63 64 449
0 65 449
1 65 449
2 65 449
3 65 449
4 65 449
5 65 449
6 65 449
7 65 449
8 65 449
9 65 449
10 65 449
11 65 449
12 65 449
13 65 449
14 65 449
15 65 449
16 65 449
17 65 449
18 65 449
19 65 449
20 65 449
21 65 449
22 65 449
23 65 449
24 65 449
25 65 449
26 65 449
27 65 449
28 65 449
29 65 449
30 65 449
31 65 449
32 65 449
33 65 449
34 65 449
35 65 449
36 65 449
37 65 449
38 65 449
39 65 449
40 65 449
41 65 449
42 65 449
43 65 449
44 65 449
45 65 449
46 65 449
47 65 449
48 65 449
49 65 449
50 65 449
51 65 449
52 65 449
53 65 449
54 65 449
55 65 449
56 65 449
57 65 449
58 65 449
59 65 449
60 65 449
61 65 449
62 65 449
63 65 449
64 65 449
0 66 449
1 66 449
2 66 449
3 66 449
4 66 449
5 66 449
6 66 449
7 66 449
8 66 449
9 66 449
10 66 449
11 66 449
12 66 449
13 66 449
14 66 449
15 66 449
16 66 449
17 66 449
18 66 449
19 66 449
20 66 449
21 66 449
22 66 449
23 66 449
24 66 449
25 66 449
26 66 449
27 66 449
28 66 449
29 66 449
30 66 449
31 66 449
32 66 449
33 66 449
34 66 449
35 66 449
36 66 449
37 66 449
38 66 449
39 66 449
40 66 449
41 66 449
42 66 449
43 66 449
44 66 449
45 66 449
46 66 449
47 66 449
48 66 449
49 66 449
50 66 449
51 66 449
52 66 449
53 66 449
54 66 449
55 66 449
56 66 449
57 66 449
58 66 449
59 66 449
60 66 449
61 66 449
62 66 449
63 66 449
64 66 449
65 66 449
0 67 449
1 67 449
2 67 449
3 67 449
4 67 449
5 67 449
6 67 449
7 67 449
8 67 449
9 67 449
10 67 449
11 67 449
12 67 449
13 67 449
14 67 449
15 67 449
16 67 449
17 67 449
18 67 449
19 67 449
20 67 449
21 67 449
22 67 449
23 67 449
24 67 449
25 67 449
26 67 449
27 67 449
28 67 449
29 67 449
30 67 449
31 67 449
32 67 449
33 67 449
34 67 449
35 67 449
36 67 449
37 67 449
38 67 449
39 67 449
40 67 449
41 67 449
42 67 449
43 67 449
44 67 449
45 67 449
46 67 449
47 67 449
48 67 449
49 67 449
50 67 449
51 67 449
52 67 449
53 67 449
54 67 449
55 67 449
56 67 449
57 67 449
58 67 449
59 67 449
60 67 449
61 67 449
62 67 449
63 67 449
64 67 449
65 67 449
66 67 449
0 68 449
1 68 449
2 68 449
3 68 449
4 68 449
5 68 449
6 68 449
7 68 449
8 68 449
9 68 449
10 68 449
11 68 449
12 68 449
13 68 449
14 68 449
15 68 449
16 68 449
17 68 449
18 68 449
19 68 449
20 68 449
21 68 449
22 68 449
23 68 449
24 68 449
25 68 449
26 68 449
27 68 449
28 68 449
29 68 449
30 68 449
31 68 449
32 68 449
33 68 449
34 68 449
35 68 449
36 68 449
37 68 449
38 68 449
39 68 449
40 68 449
41 68 449
42 68 449
43 68 449
44 68 449
45 68 449
46 68 449
47 68 449
48 68 449
49 68 449
50 68 449
51 68 449
52 68 449
53 68 449
54 68 449
55 68 449
56 68 449
57 68 449
58 68 449
59 68 449
60 68 449
61 68 449
62 68 449
63 68 449
64 68 449
65 68 449
66 68 449
67 68 449
0 69 449
1 69 449
2 69 449
3 69 449
4 69 449
5 69 449
6 69 449
7 69 449
8 69 449
9 69 449
10 69 449
11 69 449
12 69 449
13 69 449
14 69 449
15 69 449
16 69 449
17 69 449
18 69 449
19 69 449
20 69 449
21 69 449
22 69 449
23 69 449
24 69 449
25 69 449
26 69 449
27 69 449
28 69 449
29 69 449
30 69 449
31 69 449
32 69 449
33 69 449
34 69 449
35 69 449
36 69 449
37 69 449
38 69 449
39 69 449
40 69 449
41 69 449
42 69 449
43 69 449
44 69 449
45 69 449
46 69 449
47 69 449
48 69 449
49 69 449
50 69 449
51 69 449
52 69 449
53 69 449
54 69 449
55 69 449
56 69 449
57 69 449
58 69 449
59 69 449
60 69 449
61 69 449
62 69 449
63 69 449
64 69 449
65 69 449
66 69 449
67 69 449
68 69 449
0 70 449
1 70 449
2 70 449
3 70 449
4 70 449
5 70 449
6 70 449
7 70 449
8 70 449
9 70 449
10 70 449
11 70 449
12 70 449
13 70 449
14 70 449
15 70 449
16 70 449
17 70 449
18 70 449
19 70 449
20 70 449
21 70 449
22 70 449
23 70 449
24 70 449
25 70 449
26 70 449
27 70 449
28 70 449
29 70 449
30 70 449
31 70 449
32 70 449
33 70 449
34 70 449
35 70 449
36 70 449
37 70 449
38 70 449
39 70 449
40 70 449
41 70 449
42 70 449
43 70 449
44 70 449
45 70 449
46 70 449
47 70 449
48 70 449
49 70 449
50 70 449
51 70 449
52 70 449
53 70 449
54 70 449
55 70 449
56 70 449
57 70 449
58 70 449
59 70 449
60 70 449
61 70 449
62 70 449
63 70 449
64 70 449
65 70 449
66 70 449
67 70 449
68 70 449
69 70 449
0 71 449
1 71 449
2 71 449
3 71 449
4 71 449
5 71 449
6 71 449
7 71 449
8 71 449
9 71 449
10 71 449
11 71 449
12 71 449
13 71 449
14 71 449
15 71 449
16 71 449
17 71 449
18 71 449
19 71 449
20 71 449
21 71 449
22 71 449
23 71 449
24 71 449
25 71 449
26 71 449
27 71 449
28 71 449
29 71 449
30 71 449
31 71 449
32 71 449
33 71 449
34 71 449
35 71 449
36 71 449
37 71 449
38 71 449
39 71 449
40 71 449
41 71 449
42 71 449
43 71 449
44 71 449
45 71 449
46 71 449
47 71 449
48 71 449
49 71 449
50 71 449
51 71 449
52 71 449
53 71 449
54 71 449
55 71 449
56 71 449
57 71 449
58 71 449
59 71 449
60 71 449
61 71 449
62 71 449
63 71 449
64 71 449
65 71 449
66 71 449
67 71 449
68 71 449
69 71 449
70 71 449
0 72 449
1 72 449
2 72 449
3 72 449
4 72 449
5 72 449
6 72 449
7 72 449
8 72 449
9 72 449
10 72 449
11 72 449
12 72 449
13 72 449
14 72 449
15 72 449
16 72 449
17 72 449
18 72 449
19 72 449
20 72 449
21 72 449
22 72 449
23 72 449
24 72 449
25 72 449
26 72 449
27 72 449
28 72 449
29 72 449
30 72 449
31 72 449
32 72 449
33 72 449
34 72 449
35 72 449
36 72 449
37 72 449
38 72 449
39 72 449
40 72 449
41 72 449
42 72 449
43 72 449
44 72 449
45 72 449
46 72 449
47 72 449
48 72 449
49 72 449
50 72 449
51 72 449
52 72 449
53 72 449
54 72 449
55 72 449
56 72 449
57 72 449
58 72 449
59 72 449
60 72 449
61 72 449
62 72 449
63 72 449
64 72 449
65 72 449
66 72 449
67 72 449
68 72 449
69 72 449
70 72 449
71 72 449
0 73 449
1 73 449
2 73 449
3 73 449
4 73 449
5 73 449
6 73 449
7 73 449
8 73 449
9 73 449
10 73 449
11 73 449
12 73 449
13 73 449
14 73 449
15 73 449
16 73 449
17 73 449
18 73 449
19 73 449
20 73 449
21 73 449
22 73 449
23 73 449
24 73 449
25 73 449
26 73 449
27 73 449
28 73 449
29 73 449
30 73 449
31 73 449
32 73 449
33 73 449
34 73 449
35 73 449
36 73 449
37 73 449
38 73 449
39 73 449
40 73 449
41 73 449
42 73 449
43 73 449
44 73 449
45 73 449
46 73 449
47 73 449
48 73 449
49 73 449
50 73 449
51 73 449
52 73 449
53 73 449
54 73 449
55 73 449
56 73 449
57 73 449
58 73 449
59 73 449
60 73 449
61 73 449
62 73 449
63 73 449
64 73 449
65 73 449
66 73 449
67 73 449
68 73 449
69 73 449
70 73 449
71 73 449
72 73 449
0 74 449
1 74 449
2 74 449
3 74 449
4 74 449
5 74 449
6 74 449
7 74 449
8 74 449
9 74 449
10 74 449
11 74 449
12 74 449
13 74 449
14 74 449
15 74 449
16 74 449
17 74 449
18 74 449
19 74 449
20 74 449
21 74 449
22 74 449
23 74 449
24 74 449
25 74 449
26 74 449
27 74 449
28 74 449
29 74 449
30 74 449
31 74 449
32 74 449
33 74 449
34 74 449
35 74 449
36 74 449
37 74 449
38 74 449
39 74 449
40 74 449
41 74 449
42 74 449
43 74 449
44 74 449
45 74 449
46 74 449
47 74 449
48 74 449
49 74 449
50 74 449
51 74 449
52 74 449
53 74 449
54 74 449
55 74 449
56 74 449
57 74 449
58 74 449
59 74 449
60 74 449
61 74 449
62 74 449
63 74 449
64 74 449
65 74 449
66 74 449
67 74 449
68 74 449
69 74 449
70 74 449
71 74 449
72 74 449
73 74 449
0 75 449
1 75 449
2 75 449
3 75 449
4 75 449
5 75 449
6 75 449
7 75 449
8 75 449
9 75 449
10 75 449
11 75 449
12 75 449
13 75 449
14 75 449
15 75 449
16 75 449
17 75 449
18 75 449
19 75 449
20 75 449
21 75 449
22 75 449
23 75 449
24 75 449
25 75 449
26 75 449
27 75 449
28 75 449
29 75 449
30 75 449
31 75 449
32 75 449
33 75 449
34 75 449
35 75 449
36 75 449
37 75 449
38 75 449
39 75 449
40 75 449
41 75 449
42 75 449
43 75 449
44 75 449
45 75 449
46 75 449
47 75 449
48 75 449
49 75 449
50 75 449
51 75 449
52 75 449
53 75 449
54 75 449
55 75 449
56 75 449
57 75 449
58 75 449
59 75 449
60 75 449
61 75 449
62 75 449
63 75 449
64 75 449
65 75 449
66 75 449
67 75 449
68 75 449
69 75 449
70 75 449
71 75 449
72 75 449
73 75 449
74 75 449
0 76 449
1 76 449
2 76 449
3 76 449
4 76 449
5 76 449
6 76 449
7 76 449
8 76 449
9 76 449
10 76 449
11 76 449
12 76 449
13 76 449
14 76 449
15 76 449
16 76 449
17 76 449
18 76 449
19 76 449
20 76 449
21 76 449
22 76 449
23 76 449
24 76 449
25 76 449
26 76 449
27 76 449
28 76 449
29 76 449
30 76 449
31 76 449
32 76 449
33 76 449
34 76 449
35 76 449
36 76 449
37 76 449
38 76 449
39 76 449
40 76 449
41 76 449
42 76 449
43 76 449
44 76 449
45 76 449
46 76 449
47 76 449
48 76 449
49 76 449
50 76 449
51 76 449
52 76 449
53 76 449
54 76 449
55 76 449
56 76 449
57 76 449
58 76 449
59 76 449
60 76 449
61 76 449
62 76 449
63 76 449
64 76 449
65 76 449
66 76 449
67 76 449
68 76 449
69 76 449
70 76 449
71 76 449
72 76 449
73 76 449
74 76 449
75 76 449
0 77 449
1 77 449
2 77 449
3 77 449
4 77 449
5 77 449
6 77 449
7 77 449
8 77 449
9 77 449
10 77 449
11 77 449
12 77 449
13 77 449
14 77 449
15 77 449
16 77 449
17 77 449
18 77 449
19 77 449
20 77 449
21 77 449
22 77 449
23 77 449
24 77 449
25 77 449
26 77 449
27 77 449
28 77 449
29 77 449
30 77 449
31 77 449
32 77 449
33 77 449
34 77 449
35 77 449
36 77 449
37 77 449
38 77 449
39 77 449
40 77 449
41 77 449
42 77 449
43 77 449
44 77 449
45 77 449
46 77 449
47 77 449
48 77 449
49 77 449
50 77 449
51 77 449
52 77 449
53 77 449
54 77 449
55 77 449
56 77 449
57 77 449
58 77 449
59 77 449
60 77 449
61 77 449
62 77 449
63 77 449
64 77 449
65 77 449
66 77 449
67 77 449
68 77 449
69 77 449
70 77 449
71 77 449
72 77 449
73 77 449
74 77 449
75 77 449
76 77 449
0 78 449
1 78 449
2 78 449
3 78 449
4 78 449
5 78 449
6 78 449
7 78 449
8 78 449
9 78 449
10 78 449
11 78 449
12 78 449
13 78 449
14 78 449
15 78 449
16 78 449
17 78 449
18 78 449
19 78 449
20 78 449
21 78 449
22 78 449
23 78 449
24 78 449
25 78 449
26 78 449
27 78 449
28 78 449
29 78 449
30 78 449
31 78 449
32 78 449
33 78 449
34 78 449
35 78 449
36 78 449
37 78 449
38 78 449
39 78 449
40 78 449
41 78 449
42 78 449
43 78 449
44 78 449
45 78 449
46 78 449
47 78 449
48 78 449
49 78 449
50 78 449
51 78 449
52 78 449
53 78 449
54 78 449
55 78 449
56 78 449
57 78 449
58 78 449
59 78 449
60 78 449
61 78 449
62 78 449
63 78 449
64 78 449
65 78 449
66 78 449
67 78 449
68 78 449
69 78 449
70 78 449
71 78 449
72 78 449
73 78 449
74 78 449
75 78 449
76 78 449
77 78 449
0 79 449
1 79 449
2 79 449
3 79 449
4 79 449
5 79 449
6 79 449
7 79 449
8 79 449
9 79 449
10 79 449
11 79 449
12 79 449
13 79 449
14 79 449
15 79 449
16 79 449
17 79 449
18 79 449
19 79 449
20 79 449
21 79 449
22 79 449
23 79 449
24 79 449
25 79 449
26 79 449
27 79 449
28 79 449
29 79 449
30 79 449
31 79 449
32 79 449
33 79 449
34 79 449
35 79 449
36 79 449
37 79 449
38 79 449
39 79 449
40 79 449
41 79 449
42 79 449
43 79 449
44 79 449
45 79 449
46 79 449
47 79 449
48 79 449
49 79 449
50 79 449
51 79 449
52 79 449
53 79 449
54 79 449
55 79 449
56 79 449
57 79 449
58 79 449
59 79 449
60 79 449
61 79 449
62 79 449
63 79 449
64 79 449
65 79 449
66 79 449
67 79 449
68 79 449
69 79 449
70 79 449
71 79 449
72 79 449
73 79 449
74 79 449
75 79 449
76 79 449
77 79 449
78 79 449
0 80 449
1 80 449
2 80 449
3 80 449
4 80 449
5 80 449
6 80 449
7 80 449
8 80 449
9 80 449
10 80 449
11 80 449
12 80 449
13 80 449
14 80 449
15 80 449
16 80 449
17 80 449
18 80 449
19 80 449
20 80 449
21 80 449
22 80 449
23 80 449
24 80 449
25 80 449
26 80 449
27 80 449
28 80 449
29 80 449
30 80 449
31 80 449
32 80 449
33 80 449
34 80 449
35 80 449
36 80 449
37 80 449
38 80 449
39 80 449
40 80 449
41 80 449
42 80 449
43 80 449
44 80 449
45 80 449
46 80 449
47 80 449
48 80 449
49 80 449
50 80 449
51 80 449
52 80 449
53 80 449
54 80 449
55 80 449
56 80 449
57 80 449
58 80 449
59 80 449
60 80 449
61 80 449
62 80 449
63 80 449
64 80 449
65 80 449
66 80 449
67 80 449
68 80 449
69 80 449
70 80 449
71 80 449
72 80 449
73 80 449
74 80 449
75 80 449
76 80 449
77 80 449
78 80 449
79 80 449
0 81 449
1 81 449
2 81 449
3 81 449
4 81 449
5 81 449
6 81 449
7 81 449
8 81 449
9 81 449
10 81 449
11 81 449
12 81 449
13 81 449
14 81 449
15 81 449
16 81 449
17 81 449
18 81 449
19 81 449
20 81 449
21 81 449
22 81 449
23 81 449
24 81 449
25 81 449
26 81 449
27 81 449
28 81 449
29 81 449
30 81 449
31 81 449
32 81 449
33 81 449
34 81 449
35 81 449
36 81 449
37 81 449
38 81 449
39 81 449
40 81 449
41 81 449
42 81 449
43 81 449
44 81 449
45 81 449
46 81 449
47 81 449
48 81 449
49 81 449
50 81 449
51 81 449
52 81 449
53 81 449
54 81 449
55 81 449
56 81 449
57 81 449
58 81 449
59 81 449
60 81 449
61 81 449
62 81 449
63 81 449
64 81 449
65 81 449
66 81 449
67 81 449
68 81 449
69 81 449
70 81 449
71 81 449
72 81 449
73 81 449
74 81 449
75 81 449
76 81 449
77 81 449
78 81 449
79 81 449
80 81 449
0 82 449
1 82 449
2 82 449
3 82 449
4 82 449
5 82 449
6 82 449
7 82 449
8 82 449
9 82 449
10 82 449
11 82 449
12 82 449
13 82 449
14 82 449
15 82 449
16 82 449
17 82 449
18 82 449
19 82 449
20 82 449
21 82 449
22 82 449
23 82 449
24 82 449
25 82 449
26 82 449
27 82 449
28 82 449
29 82 449
30 82 449
31 82 449
32 82 449
33 82 449
34 82 449
35 82 449
36 82 449
37 82 449
38 82 449
39 82 449
40 82 449
41 82 449
42 82 449
43 82 449
44 82 449
45 82 449
46 82 449
47 82 449
48 82 449
49 82 449
50 82 449
51 82 449
52 82 449
53 82 449
54 82 449
55 82 449
56 82 449
57 82 449
58 82 449
59 82 449
60 82 449
61 82 449
62 82 449
63 82 449
64 82 449
65 82 449
66 82 449
67 82 449
68 82 449
69 82 449
70 82 449
71 82 449
72 82 449
73 82 449
74 82 449
75 82 449
76 82 449
77 82 449
78 82 449
79 82 449
80 82 449
81 82 449
0 83 449
1 83 449
2 83 449
3 83 449
4 83 449
5 83 449
6 83 449
7 83 449
8 83 449
9 83 449
10 83 449
11 83 449
12 83 449
13 83 449
14 83 449
15 83 449
16 83 449
17 83 449
18 83 449
19 83 449
20 83 449
21 83 449
22 83 449
23 83 449
24 83 449
25 83 449
26 83 449
27 83 449
28 83 449
29 83 449
30 83 449
31 83 449
32 83 449
33 83 449
34 83 449
35 83 449
36 83 449
37 83 449
38 83 449
39 83 449
40 83 449
41 83 449
42 83 449
43 83 449
44 83 449
45 83 449
46 83 449
47 83 449
48 83 449
49 83 449
50 83 449
51 83 449
52 83 449
53 83 449
54 83 449
55 83 449
56 83 449
57 83 449
58 83 449
59 83 449
60 83 449
61 83 449
62 83 449
63 83 449
64 83 449
65 83 449
66 83 449
67 83 449
68 83 449
69 83 449
70 83 449
71 83 449
72 83 449
73 83 449
74 83 449
75 83 449
76 83 449
77 83 449
78 83 449
79 83 449
80 83 449
81 83 449
82 83 449
0 84 449
1 84 449
2 84 449
3 84 449
4 84 449
5 84 449
6 84 449
7 84 449
8 84 449
9 84 449
10 84 449
11 84 449
12 84 449
13 84 449
14 84 449
15 84 449
16 84 449
17 84 449
18 84 449
19 84 449
20 84 449
21 84 449
22 84 449
23 84 449
24 84 449
25 84 449
26 84 449
27 84 449
28 84 449
29 84 449
30 84 449
31 84 449
32 84 449
33 84 449
34 84 449
35 84 449
36 84 449
37 84 449
38 84 449
39 84 449
40 84 449
41 84 449
42 84 449
43 84 449
44 84 449
45 84 449
46 84 449
47 84 449
48 84 449
49 84 449
50 84 449
51 84 449
52 84 449
53 84 449
54 84 449
55 84 449
56 84 449
57 84 449
58 84 449
59 84 449
60 84 449
61 84 449
62 84 449
63 84 449
64 84 449
65 84 449
66 84 449
67 84 449
68 84 449
69 84 449
70 84 449
71 84 449
72 84 449
73 84 449
74 84 449
75 84 449
76 84 449
77 84 449
78 84 449
79 84 449
80 84 449
81 84 449
82 84 449
83 84 449
0 85 449
1 85 449
2 85 449
3 85 449
4 85 449
5 85 449
6 85 449
7 85 449
8 85 449
9 85 449
10 85 449
11 85 449
12 85 449
13 85 449
14 85 449
15 85 449
16 85 449
17 85 449
18 85 449
19 85 449
20 85 449
21 85 449
22 85 449
23 85 449
24 85 449
25 85 449
26 85 449
27 85 449
28 85 449
29 85 449
30 85 449
31 85 449
32 85 449
33 85 449
34 85 449
35 85 449
36 85 449
37 85 449
38 85 449
39 85 449
40 85 449
41 85 449
42 85 449
43 85 449
44 85 449
45 85 449
46 85 449
47 85 449
48 85 449
49 85 449
50 85 449
51 85 449
52 85 449
53 85 449
54 85 449
55 85 449
56 85 449
57 85 449
58 85 449
59 85 449
60 85 449
61 85 449
62 85 449
63 85 449
64 85 449
65 85 449
66 85 449
67 85 449
68 85 449
69 85 449
70 85 449
71 85 449
72 85 449
73 85 449
74 85 449
75 85 449
76 85 449
77 85 449
78 85 449
79 85 449
80 85 449
81 85 449
82 85 449
83 85 449
84 85 449
0 86 449
1 86 449
2 86 449
3 86 449
4 86 449
5 86 449
6 86 449
7 86 449
8 86 449
9 86 449
10 86 449
11 86 449
12 86 449
13 86 449
14 86 449
15 86 449
16 86 449
17 86 449
18 86 449
19 86 449
20 86 449
21 86 449
22 86 449
23 86 449
24 86 449
25 86 449
26 86 449
27 86 449
28 86 449
29 86 449
30 86 449
31 86 449
32 86 449
33 86 449
34 86 449
35 86 449
36 86 449
37 86 449
38 86 449
39 86 449
40 86 449
41 86 449
42 86 449
43 86 449
44 86 449
45 86 449
46 86 449
47 86 449
48 86 449
49 86 449
50 86 449
51 86 449
52 86 449
53 86 449
54 86 449
55 86 449
56 86 449
57 86 449
58 86 449
59 86 449
60 86 449
61 86 449
62 86 449
63 86 449
64 86 449
65 86 449
66 86 449
67 86 449
68 86 449
69 86 449
70 86 449
71 86 449
72 86 449
73 86 449
74 86 449
75 86 449
76 86 449
77 86 449
78 86 449
79 86 449
80 86 449
81 86 449
82 86 449
83 86 449
84 86 449
85 86 449
0 87 449
1 87 449
2 87 449
3 87 449
4 87 449
5 87 449
6 87 449
7 87 449
8 87 449
9 87 449
10 87 449
11 87 449
12 87 449
13 87 449
14 87 449
15 87 449
16 87 449
17 87 449
18 87 449
19 87 449
20 87 449
21 87 449
22 87 449
23 87 449
24 87 449
25 87 449
26 87 449
27 87 449
28 87 449
29 87 449
30 87 449
31 87 449
32 87 449
33 87 449
34 87 449
35 87 449
36 87 449
37 87 449
38 87 449
39 87 449
40 87 449
41 87 449
42 87 449
43 87 449
44 87 449
45 87 449
46 87 449
47 87 449
48 87 449
49 87 449
50 87 449
51 87 449
52 87 449
53 87 449
54 87 449
55 87 449
56 87 449
57 87 449
58 87 449
59 87 449
60 87 449
61 87 449
62 87 449
63 87 449
64 87 449
65 87 449
66 87 449
67 87 449
68 87 449
69 87 449
70 87 449
71 87 449
72 87 449
73 87 449
74 87 449
75 87 449
76 87 449
77 87 449
78 87 449
79 87 449
80 87 449
81 87 449
82 87 449
83 87 449
84 87 449
85 87 449
86 87 449
0 88 449
1 88 449
2 88 449
3 88 449
4 88 449
5 88 449
6 88 449
7 88 449
8 88 449
9 88 449
10 88 449
11 88 449
12 88 449
13 88 449
14 88 449
15 88 449
16 88 449
17 88 449
18 88 449
19 88 449
20 88 449
21 88 449
22 88 449
23 88 449
24 88 449
25 88 449
26 88 449
27 88 449
28 88 449
29 88 449
30 88 449
31 88 449
32 88 449
33 88 449
34 88 449
35 88 449
36 88 449
37 88 449
38 88 449
39 88 449
40 88 449
41 88 449
42 88 449
43 88 449
44 88 449
45 88 449
46 88 449
47 88 449
48 88 449
49 88 449
50 88 449
51 88 449
52 88 449
53 88 449
54 88 449
55 88 449
56 88 449
57 88 449
58 88 449
59 88 449
60 88 449
61 88 449
62 88 449
63 88 449
64 88 449
65 88 449
66 88 449
67 88 449
68 88 449
69 88 449
70 88 449
71 88 449
72 88 449
73 88 449
74 88 449
75 88 449
76 88 449
77 88 449
78 88 449
79 88 449
80 88 449
81 88 449
82 88 449
83 88 449
84 88 449
85 88 449
86 88 449
87 88 449
0 89 449
1 89 449
2 89 449
3 89 449
4 89 449
5 89 449
6 89 449
7 89 449
8 89 449
9 89 449
10 89 449
11 89 449
12 89 449
13 89 449
14 89 449
15 89 449
16 89 449
17 89 449
18 89 449
19 89 449
20 89 449
21 89 449
22 89 449
23 89 449
24 89 449
25 89 449
26 89 449
27 89 449
28 89 449
29 89 449
30 89 449
31 89 449
32 89 449
33 89 449
34 89 449
35 89 449
36 89 449
37 89 449
38 89 449
39 89 449
40 89 449
41 89 449
42 89 449
43 89 449
44 89 449
45 89 449
46 89 449
47 89 449
48 89 449
49 89 449
50 89 449
51 89 449
52 89 449
53 89 449
54 89 449
55 89 449
56 89 449
57 89 449
58 89 449
59 89 449
60 89 449
61 89 449
62 89 449
63 89 449
64 89 449
65 89 449
66 89 449
67 89 449
68 89 449
69 89 449
70 89 449
71 89 449
72 89 449
73 89 449
74 89 449
75 89 449
76 89 449
77 89 449
78 89 449
79 89 449
80 89 449
81 89 449
82 89 449
83 89 449
84 89 449
85 89 449
86 89 449
87 89 449
88 89 449
0 90 449
1 90 449
2 90 449
3 90 449
4 90 449
5 90 449
6 90 449
7 90 449
8 90 449
9 90 449
10 90 449
11 90 449
12 90 449
13 90 449
14 90 449
15 90 449
16 90 449
17 90 449
18 90 449
19 90 449
20 90 449
21 90 449
22 90 449
23 90 449
24 90 449
25 90 449
26 90 449
27 90 449
28 90 449
29 90 449
30 90 449
31 90 449
32 90 449
33 90 449
34 90 449
35 90 449
36 90 449
37 90 449
38 90 449
39 90 449
40 90 449
41 90 449
42 90 449
43 90 449
44 90 449
45 90 449
46 90 449
47 90 449
48 90 449
49 90 449
50 90 449
51 90 449
52 90 449
53 90 449
54 90 449
55 90 449
56 90 449
57 90 449
58 90 449
59 90 449
60 90 449
61 90 449
62 90 449
63 90 449
64 90 449
65 90 449
66 90 449
67 90 449
68 90 449
69 90 449
70 90 449
71 90 449
72 90 449
73 90 449
74 90 449
75 90 449
76 90 449
77 90 449
78 90 449
79 90 449
80 90 449
81 90 449
82 90 449
83 90 449
84 90 449
85 90 449
86 90 449
87 90 449
88 90 449
89 90 449
0 91 449
1 91 449
2 91 449
3 91 449
4 91 449
5 91 449
6 91 449
7 91 449
8 91 449
9 91 449
10 91 449
11 91 449
12 91 449
13 91 449
14 91 449
15 91 449
16 91 449
17 91 449
18 91 449
19 91 449
20 91 449
21 91 449
22 91 449
23 91 449
24 91 449
25 91 449
26 91 449
27 91 449
28 91 449
29 91 449
30 91 449
31 91 449
32 91 449
33 91 449
34 91 449
35 91 449
36 91 449
37 91 449
38 91 449
39 91 449
40 91 449
41 91 449
42 91 449
43 91 449
44 91 449
45 91 449
46 91 449
47 91 449
48 91 449
49 91 449
50 91 449
51 91 449
52 91 449
53 91 449
54 91 449
55 91 449
56 91 449
57 91 449
58 91 449
59 91 449
60 91 449
61 91 449
62 91 449
63 91 449
64 91 449
65 91 449
66 91 449
67 91 449
68 91 449
69 91 449
70 91 449
71 91 449
72 91 449
73 91 449
74 91 449
75 91 449
76 91 449
77 91 449
78 91 449
79 91 449
80 91 449
81 91 449
82 91 449
83 91 449
84 91 449
85 91 449
86 91 449
87 91 449
88 91 449
89 91 449
90 91 449
0 92 449
1 92 449
2 92 449
3 92 449
4 92 449
5 92 449
6 92 449
7 92 449
8 92 449
9 92 449
10 92 449
11 92 449
12 92 449
13 92 449
14 92 449
15 92 449
16 92 449
17 92 449
18 92 449
19 92 449
20 92 449
21 92 449
22 92 449
23 92 449
24 92 449
25 92 449
26 92 449
27 92 449
28 92 449
29 92 449
30 92 449
31 92 449
32 92 449
33 92 449
34 92 449
35 92 449
36 92 449
37 92 449
38 92 449
39 92 449
40 92 449
41 92 449
42 92 449
43 92 449
44 92 449
45 92 449
46 92 449
47 92 449
48 92 449
49 92 449
50 92 449
51 92 449
52 92 449
53 92 449
54 92 449
55 92 449
56 92 449
57 92 449
58 92 449
59 92 449
60 92 449
61 92 449
62 92 449
63 92 449
64 92 449
65 92 449
66 92 449
67 92 449
68 92 449
69 92 449
70 92 449
71 92 449
72 92 449
73 92 449
74 92 449
75 92 449
76 92 449
77 92 449
78 92 449
79 92 449
80 92 449
81 92 449
82 92 449
83 92 449
84 92 449
85 92 449
86 92 449
87 92 449
88 92 449
89 92 449
90 92 449
91 92 449
0 93 449
1 93 449
2 93 449
3 93 449
4 93 449
5 93 449
6 93 449
7 93 449
8 93 449
9 93 449
10 93 449
11 93 449
12 93 449
13 93 449
14 93 449
15 93 449
16 93 449
17 93 449
18 93 449
19 93 449
20 93 449
21 93 449
22 93 449
23 93 449
24 93 449
25 93 449
26 93 449
27 93 449
28 93 449
29 93 449
30 93 449
31 93 449
32 93 449
33 93 449
34 93 449
35 93 449
36 93 449
37 93 449
38 93 449
39 93 449
40 93 449
41 93 449
42 93 449
43 93 449
44 93 449
45 93 449
46 93 449
47 93 449
48 93 449
49 93 449
50 93 449
51 93 449
52 93 449
53 93 449
54 93 449
55 93 449
56 93 449
57 93 449
58 93 449
59 93 449
60 93 449
61 93 449
62 93 449
63 93 449
64 93 449
65 93 449
66 93 449
67 93 449
68 93 449
69 93 449
70 93 449
71 93 449
72 93 449
73 93 449
74 93 449
75 93 449
76 93 449
77 93 449
78 93 449
79 93 449
80 93 449
81 93 449
82 93 449
83 93 449
84 93 449
85 93 449
86 93 449
87 93 449
88 93 449
89 93 449
90 93 449
91 93 449
92 93 449
0 94 449
1 94 449
2 94 449
3 94 449
4 94 449
5 94 449
6 94 449
7 94 449
8 94 449
9 94 449
10 94 449
11 94 449
12 94 449
13 94 449
14 94 449
15 94 449
16 94 449
17 94 449
18 94 449
19 94 449
20 94 449
21 94 449
22 94 449
23 94 449
24 94 449
25 94 449
26 94 449
27 94 449
28 94 449
29 94 449
30 94 449
31 94 449
32 94 449
33 94 449
34 94 449
35 94 449
36 94 449
37 94 449
38 94 449
39 94 449
40 94 449
41 94 449
42 94 449
43 94 449
44 94 449
45 94 449
46 94 449
47 94 449
48 94 449
49 94 449
50 94 449
51 94 449
52 94 449
53 94 449
54 94 449
55 94 449
56 94 449
57 94 449
58 94 449
59 94 449
60 94 449
61 94 449
62 94 449
63 94 449
64 94 449
65 94 449
66 94 449
67 94 449
68 94 449
69 94 449
70 94 449
71 94 449
72 94 449
73 94 449
74 94 449
75 94 449
76 94 449
77 94 449
78 94 449
79 94 449
80 94 449
81 94 449
82 94 449
83 94 449
84 94 449
85 94 449
86 94 449
87 94 449
88 94 449
89 94 449
90 94 449
91 94 449
92 94 449
93 94 449
0 95 449
1 95 449
2 95 449
3 95 449
4 95 449
5 95 449
6 95 449
7 95 449
8 95 449
9 95 449
10 95 449
11 95 449
12 95 449
13 95 449
14 95 449
15 95 449
16 95 449
17 95 449
18 95 449
19 95 449
20 95 449
21 95 449
22 95 449
23 95 449
24 95 449
25 95 449
26 95 449
27 95 449
28 95 449
29 95 449
30 95 449
31 95 449
32 95 449
33 95 449
34 95 449
35 95 449
36 95 449
37 95 449
38 95 449
39 95 449
40 95 449
41 95 449
42 95 449
43 95 449
44 95 449
45 95 449
46 95 449
47 95 449
48 95 449
49 95 449
50 95 449
51 95 449
52 95 449
53 95 449
54 95 449
55 95 449
56 95 449
57 95 449
58 95 449
59 95 449
60 95 449
61 95 449
62 95 449
63 95 449
64 95 449
65 95 449
66 95 449
67 95 449
68 95 449
69 95 449
70 95 449
71 95 449
72 95 449
73 95 449
74 95 449
75 95 449
76 95 449
77 95 449
78 95 449
79 95 449
80 95 449
81 95 449
82 95 449
83 95 449
84 95 449
85 95 449
86 95 449
87 95 449
88 95 449
89 95 449
90 95 449
91 95 449
92 95 449
93 95 449
94 95 449
0 96 449
1 96 449
2 96 449
3 96 449
4 96 449
5 96 449
6 96 449
7 96 449
8 96 449
9 96 449
10 96 449
11 96 449
12 96 449
13 96 449
14 96 449
15 96 449
16 96 449
17 96 449
18 96 449
19 96 449
20 96 449
21 96 449
22 96 449
23 96 449
24 96 449
25 96 449
26 96 449
27 96 449
28 96 449
29 96 449
30 96 449
31 96 449
32 96 449
33 96 449
34 96 449
35 96 449
36 96 449
37 96 449
38 96 449
39 96 449
40 96 449
41 96 449
42 96 449
43 96 449
44 96 449
45 96 449
46 96 449
47 96 449
48 96 449
49 96 449
50 96 449
51 96 449
52 96 449
53 96 449
54 96 449
55 96 449
56 96 449
57 96 449
58 96 449
59 96 449
60 96 449
61 96 449
62 96 449
63 96 449
64 96 449
65 96 449
66 96 449
67 96 449
68 96 449
69 96 449
70 96 449
71 96 449
72 96 449
73 96 449
74 96 449
75 96 449
76 96 449
77 96 449
78 96 449
79 96 449
80 96 449
81 96 449
82 96 449
83 96 449
84 96 449
85 96 449
86 96 449
87 96 449
88 96 449
89 96 449
90 96 449
91 96 449
92 96 449
93 96 449
94 96 449
95 96 449
0 97 449
1 97 449
2 97 449
3 97 449
4 97 449
5 97 449
6 97 449
7 97 449
8 97 449
9 97 449
10 97 449
11 97 449
12 97 449
13 97 449
14 97 449
15 97 449
16 97 449
17 97 449
18 97 449
19 97 449
20 97 449
21 97 449
22 97 449
23 97 449
24 97 449
25 97 449
26 97 449
27 97 449
28 97 449
29 97 449
30 97 449
31 97 449
32 97 449
33 97 449
34 97 449
35 97 449
36 97 449
37 97 449
38 97 449
39 97 449
40 97 449
41 97 449
42 97 449
43 97 449
44 97 449
45 97 449
46 97 449
47 97 449
48 97 449
49 97 449
50 97 449
51 97 449
52 97 449
53 97 449
54 97 449
55 97 449
56 97 449
57 97 449
58 97 449
59 97 449
60 97 449
61 97 449
62 97 449
63 97 449
64 97 449
65 97 449
66 97 449
67 97 449
68 97 449
69 97 449
70 97 449
71 97 449
72 97 449
73 97 449
74 97 449
75 97 449
76 97 449
77 97 449
78 97 449
79 97 449
80 97 449
81 97 449
82 97 449
83 97 449
84 97 449
85 97 449
86 97 449
87 97 449
88 97 449
89 97 449
90 97 449
91 97 449
92 97 449
93 97 449
94 97 449
95 97 449
96 97 449
0 98 449
1 98 449
2 98 449
3 98 449
4 98 449
5 98 449
6 98 449
7 98 449
8 98 449
9 98 449
10 98 449
11 98 449
12 98 449
13 98 449
14 98 449
15 98 449
16 98 449
17 98 449
18 98 449
19 98 449
20 98 449
21 98 449
22 98 449
23 98 449
24 98 449
25 98 449
26 98 449
27 98 449
28 98 449
29 98 449
30 98 449
31 98 449
32 98 449
33 98 449
34 98 449
35 98 449
36 98 449
37 98 449
38 98 449
39 98 449
40 98 449
41 98 449
42 98 449
43 98 449
44 98 449
45 98 449
46 98 449
47 98 449
48 98 449
49 98 449
50 98 449
51 98 449
52 98 449
53 98 449
54 98 449
55 98 449
56 98 449
57 98 449
58 98 449
59 98 449
60 98 449
61 98 449
62 98 449
63 98 449
64 98 449
65 98 449
66 98 449
67 98 449
68 98 449
69 98 449
70 98 449
71 98 449
72 98 449
73 98 449
74 98 449
75 98 449
76 98 449
77 98 449
78 98 449
79 98 449
80 98 449
81 98 449
82 98 449
83 98 449
84 98 449
85 98 449
86 98 449
87 98 449
88 98 449
89 98 449
90 98 449
91 98 449
92 98 449
93 98 449
94 98 449
95 98 449
96 98 449
97 98 449
0 99 449
1 99 449
2 99 449
3 99 449
4 99 449
5 99 449
6 99 449
7 99 449
8 99 449
9 99 449
10 99 449
11 99 449
12 99 449
13 99 449
14 99 449
15 99 449
16 99 449
17 99 449
18 99 449
19 99 449
20 99 449
21 99 449
22 99 449
23 99 449
24 99 449
25 99 449
26 99 449
27 99 449
28 99 449
29 99 449
30 99 449
31 99 449
32 99 449
33 99 449
34 99 449
35 99 449
36 99 449
37 99 449
38 99 449
39 99 449
40 99 449
41 99 449
42 99 449
43 99 449
44 99 449
45 99 449
46 99 449
47 99 449
48 99 449
49 99 449
50 99 449
51 99 449
52 99 449
53 99 449
54 99 449
55 99 449
56 99 449
57 99 449
58 99 449
59 99 449
60 99 449
61 99 449
62 99 449
63 99 449
64 99 449
65 99 449
66 99 449
67 99 449
68 99 449
69 99 449
70 99 449
71 99 449
72 99 449
73 99 449
74 99 449
75 99 449
76 99 449
77 99 449
78 99 449
79 99 449
80 99 449
81 99 449
82 99 449
83 99 449
84 99 449
85 99 449
86 99 449
87 99 449
88 99 449
89 99 449
90 99 449
91 99 449
92 99 449
93 99 449
94 99 449
95 99 449
96 99 449
97 99 449
98 99 449
0 100 449
1 100 449
2 100 449
3 100 449
4 100 449
5 100 449
6 100 449
7 100 449
8 100 449
9 100 449
10 100 449
11 100 449
12 100 449
13 100 449
14 100 449
15 100 449
16 100 449
17 100 449
18 100 449
19 100 449
20 100 449
21 100 449
22 100 449
23 100 449
24 100 449
25 100 449
26 100 449
27 100 449
28 100 449
29 100 449
30 100 449
31 100 449
32 100 449
33 100 449
34 100 449
35 100 449
36 100 449
37 100 449
38 100 449
39 100 449
40 100 449
41 100 449
42 100 449
43 100 449
44 100 449
45 100 449
46 100 449
47 100 449
48 100 449
49 100 449
50 100 449
51 100 449
52 100 449
53 100 449
54 100 449
55 100 449
56 100 449
57 100 449
58 100 449
59 100 449
60 100 449
61 100 449
62 100 449
63 100 449
64 100 449
65 100 449
66 100 449
67 100 449
68 100 449
69 100 449
70 100 449
71 100 449
72 100 449
73 100 449
74 100 449
75 100 449
76 100 449
77 100 449
78 100 449
79 100 449
80 100 449
81 100 449
82 100 449
83 100 449
84 100 449
85 100 449
86 100 449
87 100 449
88 100 449
89 100 449
90 100 449
91 100 449
92 100 449
93 100 449
94 100 449
95 100 449
96 100 449
97 100 449
98 100 449
99 100 449
