0 1 288
0 2 288
1 2 288
0 3 288
1 3 288
2 3 288
0 4 288
1 4 288
2 4 288
3 4 288
0 5 288
1 5 288
2 5 288
3 5 288
4 5 288
0 6 288
1 6 288
2 6 288
3 6 288
4 6 288
5 6 288
0 7 288
1 7 288
2 7 288
3 7 288
4 7 288
5 7 288
6 7 288
0 8 303
1 8 303
2 8 303
3 8 303
4 8 303
5 8 303
6 8 303
7 8 303
0 9 318
1 9 318
2 9 318
3 9 318
4 9 318
5 9 318
6 9 318
7 9 318
8 9 318
0 10 343
1 10 343
2 10 343
3 10 343
4 10 343
5 10 343
6 10 343
7 10 343
8 10 343
9 10 343
0 11 343
1 11 343
2 11 343
3 11 343
4 11 343
5 11 343
6 11 343
7 11 343
8 11 343
9 11 343
10 11 343
0 12 353
1 12 353
2 12 353
3 12 353
4 12 353
5 12 353
6 12 353
7 12 353
8 12 353
9 12 353
10 12 353
11 12 353
0 13 354
1 13 354
2 13 354
3 13 354
4 13 354
5 13 354
6 13 354
7 13 354
8 13 354
9 13 354
10 13 354
11 13 354
12 13 354
0 14 354
1 14 354
2 14 354
3 14 354
4 14 354
5 14 354
6 14 354
7 14 354
8 14 354
9 14 354
10 14 354
11 14 354
12 14 354
13 14 354
0 15 379
1 15 379
2 15 379
3 15 379
4 15 379
5 15 379
6 15 379
7 15 379
8 15 379
9 15 379
10 15 379
11 15 379
12 15 379
13 15 379
14 15 379
0 16 402
1 16 402
2 16 402
3 16 402
4 16 402
5 16 402
6 16 402
7 16 402
8 16 390
9 16 390
10 16 390
11 16 390
12 16 390
13 16 390
14 16 390
15 16 390
0 17 410
1 17 410
2 17 410
3 17 410
4 17 410
5 17 410
6 17 410
7 17 410
8 17 404
9 17 396
10 17 396
11 17 396
12 17 396
13 17 396
14 17 396
15 17 396
16 17 396
0 18 410
1 18 410
2 18 410
3 18 410
4 18 410
5 18 410
6 18 410
7 18 410
8 18 404
9 18 396
10 18 396
11 18 396
12 18 396
13 18 396
14 18 396
15 18 396
16 18 396
17 18 396
0 19 418
1 19 418
2 19 418
3 19 418
4 19 418
5 19 418
6 19 418
7 19 418
8 19 412
9 19 411
10 19 410
11 19 410
12 19 410
13 19 410
14 19 410
15 19 410
16 19 410
17 19 410
18 19 410
0 20 424
1 20 424
2 20 424
3 20 424
4 20 424
5 20 424
6 20 424
7 20 424
8 20 418
9 20 418
10 20 417
11 20 417
12 20 417
13 20 417
14 20 417
15 20 417
16 20 417
17 20 417
18 20 417
19 20 417
0 21 424
1 21 424
2 21 424
3 21 424
4 21 424
5 21 424
6 21 424
7 21 424
8 21 418
9 21 418
10 21 417
11 21 417
12 21 417
13 21 417
14 21 417
15 21 417
16 21 417
17 21 417
18 21 417
19 21 417
20 21 417
0 22 427
1 22 427
2 22 427
3 22 427
4 22 427
5 22 427
6 22 427
7 22 427
8 22 421
9 22 421
10 22 420
11 22 420
12 22 420
13 22 420
14 22 420
15 22 420
16 22 420
17 22 420
18 22 420
19 22 420
20 22 420
21 22 420
0 23 430
1 23 430
2 23 430
3 23 430
4 23 430
5 23 430
6 23 430
7 23 430
8 23 424
9 23 424
10 23 426
11 23 426
12 23 426
13 23 426
14 23 426
15 23 426
16 23 426
17 23 426
18 23 426
19 23 426
20 23 426
21 23 426
22 23 426
0 24 433
1 24 433
2 24 433
3 24 433
4 24 433
5 24 433
6 24 433
7 24 433
8 24 432
9 24 431
10 24 433
11 24 433
12 24 433
13 24 433
14 24 433
15 24 433
16 24 433
17 24 433
18 24 433
19 24 433
20 24 433
21 24 433
22 24 433
23 24 433
0 25 435
1 25 435
2 25 435
3 25 435
4 25 435
5 25 435
6 25 435
7 25 435
8 25 434
9 25 434
10 25 436
11 25 436
12 25 436
13 25 436
14 25 436
15 25 436
16 25 436
17 25 433
18 25 433
19 25 433
20 25 433
21 25 433
22 25 433
23 25 433
24 25 433
0 26 435
1 26 435
2 26 435
3 26 435
4 26 435
5 26 435
6 26 435
7 26 435
8 26 434
9 26 434
10 26 436
11 26 436
12 26 436
13 26 436
14 26 436
15 26 436
16 26 436
17 26 433
18 26 433
19 26 433
20 26 433
21 26 433
22 26 433
23 26 433
24 26 433
25 26 433
0 27 435
1 27 435
2 27 435
3 27 435
4 27 435
5 27 435
6 27 435
7 27 435
8 27 434
9 27 434
10 27 436
11 27 436
12 27 436
13 27 436
14 27 436
15 27 436
16 27 436
17 27 433
18 27 433
19 27 433
20 27 433
21 27 433
22 27 433
23 27 433
24 27 433
25 27 433
26 27 433
0 28 436
1 28 436
2 28 436
3 28 436
4 28 436
5 28 436
6 28 436
7 28 436
8 28 435
9 28 435
10 28 436
11 28 436
12 28 436
13 28 436
14 28 436
15 28 436
16 28 436
17 28 433
18 28 433
19 28 433
20 28 433
21 28 433
22 28 433
23 28 433
24 28 433
25 28 433
26 28 433
27 28 433
0 29 437
1 29 437
2 29 437
3 29 437
4 29 437
5 29 437
6 29 437
7 29 437
8 29 436
9 29 436
10 29 437
11 29 437
12 29 437
13 29 437
14 29 437
15 29 437
16 29 437
17 29 434
18 29 434
19 29 434
20 29 434
21 29 434
22 29 434
23 29 434
24 29 434
25 29 434
26 29 434
27 29 434
28 29 434
0 30 438
1 30 438
2 30 438
3 30 438
4 30 438
5 30 438
6 30 438
7 30 438
8 30 437
9 30 437
10 30 438
11 30 438
12 30 438
13 30 438
14 30 438
15 30 438
16 30 438
17 30 435
18 30 435
19 30 435
20 30 435
21 30 435
22 30 435
23 30 435
24 30 435
25 30 435
26 30 435
27 30 435
28 30 435
29 30 435
0 31 438
1 31 438
2 31 438
3 31 438
4 31 438
5 31 438
6 31 438
7 31 438
8 31 438
9 31 438
10 31 439
11 31 439
12 31 439
13 31 439
14 31 439
15 31 439
16 31 439
17 31 436
18 31 436
19 31 436
20 31 436
21 31 436
22 31 436
23 31 436
24 31 436
25 31 436
26 31 436
27 31 436
28 31 436
29 31 436
30 31 436
0 32 438
1 32 438
2 32 438
3 32 438
4 32 438
5 32 438
6 32 438
7 32 438
8 32 438
9 32 438
10 32 439
11 32 439
12 32 439
13 32 439
14 32 439
15 32 439
16 32 439
17 32 436
18 32 436
19 32 436
20 32 436
21 32 436
22 32 436
23 32 436
24 32 436
25 32 436
26 32 436
27 32 436
28 32 436
29 32 436
30 32 436
31 32 436
0 33 438
1 33 438
2 33 438
3 33 438
4 33 438
5 33 438
6 33 438
7 33 438
8 33 438
9 33 438
10 33 439
11 33 439
12 33 439
13 33 439
14 33 439
15 33 439
16 33 439
17 33 436
18 33 436
19 33 436
20 33 436
21 33 436
22 33 436
23 33 436
24 33 436
25 33 436
26 33 436
27 33 436
28 33 436
29 33 436
30 33 436
31 33 436
32 33 436
0 34 438
1 34 438
2 34 438
3 34 438
4 34 438
5 34 438
6 34 438
7 34 438
8 34 438
9 34 438
10 34 439
11 34 439
12 34 439
13 34 439
14 34 439
15 34 439
16 34 439
17 34 439
18 34 439
19 34 439
20 34 439
21 34 439
22 34 439
23 34 439
24 34 439
25 34 439
26 34 439
27 34 439
28 34 439
29 34 439
30 34 439
31 34 439
32 34 439
33 34 439
0 35 438
1 35 438
2 35 438
3 35 438
4 35 438
5 35 438
6 35 438
7 35 438
8 35 438
9 35 438
10 35 439
11 35 439
12 35 439
13 35 439
14 35 439
15 35 439
16 35 439
17 35 439
18 35 439
19 35 439
20 35 439
21 35 439
22 35 439
23 35 439
24 35 439
25 35 439
26 35 439
27 35 439
28 35 439
29 35 439
30 35 439
31 35 439
32 35 439
33 35 439
34 35 439
0 36 438
1 36 438
2 36 438
3 36 438
4 36 438
5 36 438
6 36 438
7 36 438
8 36 438
9 36 438
10 36 439
11 36 439
12 36 439
13 36 439
14 36 439
15 36 439
16 36 439
17 36 439
18 36 439
19 36 439
20 36 439
21 36 439
22 36 439
23 36 439
24 36 439
25 36 439
26 36 439
27 36 439
28 36 439
29 36 439
30 36 439
31 36 439
32 36 439
33 36 439
34 36 439
35 36 439
0 37 439
1 37 439
2 37 439
3 37 439
4 37 439
5 37 439
6 37 439
7 37 439
8 37 439
9 37 439
10 37 439
11 37 439
12 37 439
13 37 439
14 37 439
15 37 439
16 37 439
17 37 439
18 37 439
19 37 439
20 37 439
21 37 439
22 37 439
23 37 439
24 37 439
25 37 439
26 37 439
27 37 439
28 37 439
29 37 439
30 37 439
31 37 439
32 37 439
33 37 439
34 37 439
35 37 439
36 37 439
0 38 439
1 38 439
2 38 439
3 38 439
4 38 439
5 38 439
6 38 439
7 38 439
8 38 439
9 38 439
10 38 439
11 38 439
12 38 439
13 38 439
14 38 439
15 38 439
16 38 439
17 38 439
18 38 439
19 38 439
20 38 439
21 38 439
22 38 439
23 38 439
24 38 439
25 38 439
26 38 439
27 38 439
28 38 439
29 38 439
30 38 439
31 38 439
32 38 439
33 38 439
34 38 439
35 38 439
36 38 439
37 38 439
0 39 439
1 39 439
2 39 439
3 39 439
4 39 439
5 39 439
6 39 439
7 39 439
8 39 439
9 39 439
10 39 439
11 39 439
12 39 439
13 39 439
14 39 439
15 39 439
16 39 439
17 39 439
18 39 439
19 39 439
20 39 439
21 39 439
22 39 439
23 39 439
24 39 439
25 39 439
26 39 439
27 39 439
28 39 439
29 39 439
30 39 439
31 39 439
32 39 439
33 39 439
34 39 439
35 39 439
36 39 439
37 39 439
38 39 439
0 40 439
1 40 439
2 40 439
3 40 439
4 40 439
5 40 439
6 40 439
7 40 439
8 40 439
9 40 439
10 40 439
11 40 439
12 40 439
13 40 439
14 40 439
15 40 439
16 40 439
17 40 439
18 40 439
19 40 439
20 40 439
21 40 439
22 40 439
23 40 439
24 40 439
25 40 439
26 40 439
27 40 439
28 40 439
29 40 439
30 40 439
31 40 439
32 40 439
33 40 439
34 40 439
35 40 439
36 40 439
37 40 439
38 40 439
39 40 439
0 41 439
1 41 439
2 41 439
3 41 439
4 41 439
5 41 439
6 41 439
7 41 439
8 41 439
9 41 439
10 41 439
11 41 439
12 41 439
13 41 439
14 41 439
15 41 439
16 41 439
17 41 439
18 41 439
19 41 439
20 41 439
21 41 439
22 41 439
23 41 439
24 41 439
25 41 439
26 41 439
27 41 439
28 41 439
29 41 439
30 41 439
31 41 439
32 41 439
33 41 439
34 41 439
35 41 439
36 41 439
37 41 439
38 41 439
39 41 439
40 41 439
0 42 439
1 42 439
2 42 439
3 42 439
4 42 439
5 42 439
6 42 439
7 42 439
8 42 439
9 42 439
10 42 439
11 42 439
12 42 439
13 42 439
14 42 439
15 42 439
16 42 439
17 42 439
18 42 439
19 42 439
20 42 439
21 42 439
22 42 439
23 42 439
24 42 439
25 42 439
26 42 439
27 42 439
28 42 439
29 42 439
30 42 439
31 42 439
32 42 439
33 42 439
34 42 439
35 42 439
36 42 439
37 42 439
38 42 439
39 42 439
40 42 439
41 42 439
0 43 439
1 43 439
2 43 439
3 43 439
4 43 439
5 43 439
6 43 439
7 43 439
8 43 439
9 43 439
10 43 439
11 43 439
12 43 439
13 43 439
14 43 439
15 43 439
16 43 439
17 43 439
18 43 439
19 43 439
20 43 439
21 43 439
22 43 439
23 43 439
24 43 439
25 43 439
26 43 439
27 43 439
28 43 439
29 43 439
30 43 439
31 43 439
32 43 439
33 43 439
34 43 439
35 43 439
36 43 439
37 43 439
38 43 439
39 43 439
40 43 439
41 43 439
42 43 439
0 44 439
1 44 439
2 44 439
3 44 439
4 44 439
5 44 439
6 44 439
7 44 439
8 44 439
9 44 439
10 44 439
11 44 439
12 44 439
13 44 439
14 44 439
15 44 439
16 44 439
17 44 439
18 44 439
19 44 439
20 44 439
21 44 439
22 44 439
23 44 439
24 44 439
25 44 439
26 44 439
27 44 439
28 44 439
29 44 439
30 44 439
31 44 439
32 44 439
33 44 439
34 44 439
35 44 439
36 44 439
37 44 439
38 44 439
39 44 439
40 44 439
41 44 439
42 44 439
43 44 439
0 45 439
1 45 439
2 45 439
3 45 439
4 45 439
5 45 439
6 45 439
7 45 439
8 45 439
9 45 439
10 45 439
11 45 439
12 45 439
13 45 439
14 45 439
15 45 439
16 45 439
17 45 439
18 45 439
19 45 439
20 45 439
21 45 439
22 45 439
23 45 439
24 45 439
25 45 439
26 45 439
27 45 439
28 45 439
29 45 439
30 45 439
31 45 439
32 45 439
33 45 439
34 45 439
35 45 439
36 45 439
37 45 439
38 45 439
39 45 439
40 45 439
41 45 439
42 45 439
43 45 439
44 45 439
0 46 439
1 46 439
2 46 439
3 46 439
4 46 439
5 46 439
6 46 439
7 46 439
8 46 439
9 46 439
10 46 439
11 46 439
12 46 439
13 46 439
14 46 439
15 46 439
16 46 439
17 46 439
18 46 439
19 46 439
20 46 439
21 46 439
22 46 439
23 46 439
24 46 439
25 46 439
26 46 439
27 46 439
28 46 439
29 46 439
30 46 439
31 46 439
32 46 439
33 46 439
34 46 439
35 46 439
36 46 439
37 46 439
38 46 439
39 46 439
40 46 439
41 46 439
42 46 439
43 46 439
44 46 439
45 46 439
0 47 439
1 47 439
2 47 439
3 47 439
4 47 439
5 47 439
6 47 439
7 47 439
8 47 439
9 47 439
10 47 439
11 47 439
12 47 439
13 47 439
14 47 439
15 47 439
16 47 439
17 47 439
18 47 439
19 47 439
20 47 439
21 47 439
22 47 439
23 47 439
24 47 439
25 47 439
26 47 439
27 47 439
28 47 439
29 47 439
30 47 439
31 47 439
32 47 439
33 47 439
34 47 439
35 47 439
36 47 439
37 47 439
38 47 439
39 47 439
40 47 439
41 47 439
42 47 439
43 47 439
44 47 439
45 47 439
46 47 439
0 48 439
1 48 439
2 48 439
3 48 439
4 48 439
5 48 439
6 48 439
7 48 439
8 48 439
9 48 439
10 48 439
11 48 439
12 48 439
13 48 439
14 48 439
15 48 439
16 48 439
17 48 439
18 48 439
19 48 439
20 48 439
21 48 439
22 48 439
23 48 439
24 48 439
25 48 439
26 48 439
27 48 439
28 48 439
29 48 439
30 48 439
31 48 439
32 48 439
33 48 439
34 48 439
35 48 439
36 48 439
37 48 439
38 48 439
39 48 439
40 48 439
41 48 439
42 48 439
43 48 439
44 48 439
45 48 439
46 48 439
47 48 439
0 49 439
1 49 439
2 49 439
3 49 439
4 49 439
5 49 439
6 49 439
7 49 439
8 49 439
9 49 439
10 49 439
11 49 439
12 49 439
13 49 439
14 49 439
15 49 439
16 49 439
17 49 439
18 49 439
19 49 439
20 49 439
21 49 439
22 49 439
23 49 439
24 49 439
25 49 439
26 49 439
27 49 439
28 49 439
29 49 439
30 49 439
31 49 439
32 49 439
33 49 439
34 49 439
35 49 439
36 49 439
37 49 439
38 49 439
39 49 439
40 49 439
41 49 439
42 49 439
43 49 439
44 49 439
45 49 439
46 49 439
47 49 439
48 49 439
0 50 439
1 50 439
2 50 439
3 50 439
4 50 439
5 50 439
6 50 439
7 50 439
8 50 439
9 50 439
10 50 439
11 50 439
12 50 439
13 50 439
14 50 439
15 50 439
16 50 439
17 50 439
18 50 439
19 50 439
20 50 439
21 50 439
22 50 439
23 50 439
24 50 439
25 50 439
26 50 439
27 50 439
28 50 439
29 50 439
30 50 439
31 50 439
32 50 439
33 50 439
34 50 439
35 50 439
36 50 439
37 50 439
38 50 439
39 50 439
40 50 439
41 50 439
42 50 439
43 50 439
44 50 439
45 50 439
46 50 439
47 50 439
48 50 439
49 50 439
0 51 439
1 51 439
2 51 439
3 51 439
4 51 439
5 51 439
6 51 439
7 51 439
8 51 439
9 51 439
10 51 439
11 51 439
12 51 439
13 51 439
14 51 439
15 51 439
16 51 439
17 51 439
18 51 439
19 51 439
20 51 439
21 51 439
22 51 439
23 51 439
24 51 439
25 51 439
26 51 439
27 51 439
28 51 439
29 51 439
30 51 439
31 51 439
32 51 439
33 51 439
34 51 439
35 51 439
36 51 439
37 51 439
38 51 439
39 51 439
40 51 439
41 51 439
42 51 439
43 51 439
44 51 439
45 51 439
46 51 439
47 51 439
48 51 439
49 51 439
50 51 439
0 52 439
1 52 439
2 52 439
3 52 439
4 52 439
5 52 439
6 52 439
7 52 439
8 52 439
9 52 439
10 52 439
11 52 439
12 52 439
13 52 439
14 52 439
15 52 439
16 52 439
17 52 439
18 52 439
19 52 439
20 52 439
21 52 439
22 52 439
23 52 439
24 52 439
25 52 439
26 52 439
27 52 439
28 52 439
29 52 439
30 52 439
31 52 439
32 52 439
33 52 439
34 52 439
35 52 439
36 52 439
37 52 439
38 52 439
39 52 439
40 52 439
41 52 439
42 52 439
43 52 439
44 52 439
45 52 439
46 52 439
47 52 439
48 52 439
49 52 439
50 52 439
51 52 439
0 53 439
1 53 439
2 53 439
3 53 439
4 53 439
5 53 439
6 53 439
7 53 439
8 53 439
9 53 439
10 53 439
11 53 439
12 53 439
13 53 439
14 53 439
15 53 439
16 53 439
17 53 439
18 53 439
19 53 439
20 53 439
21 53 439
22 53 439
23 53 439
24 53 439
25 53 439
26 53 439
27 53 439
28 53 439
29 53 439
30 53 439
31 53 439
32 53 439
33 53 439
34 53 439
35 53 439
36 53 439
37 53 439
38 53 439
39 53 439
40 53 439
41 53 439
42 53 439
43 53 439
44 53 439
45 53 439
46 53 439
47 53 439
48 53 439
49 53 439
50 53 439
51 53 439
52 53 439
0 54 439
1 54 439
2 54 439
3 54 439
4 54 439
5 54 439
6 54 439
7 54 439
8 54 439
9 54 439
10 54 439
11 54 439
12 54 439
13 54 439
14 54 439
15 54 439
16 54 439
17 54 439
18 54 439
19 54 439
20 54 439
21 54 439
22 54 439
23 54 439
24 54 439
25 54 439
26 54 439
27 54 439
28 54 439
29 54 439
30 54 439
31 54 439
32 54 439
33 54 439
34 54 439
35 54 439
36 54 439
37 54 439
38 54 439
39 54 439
40 54 439
41 54 439
42 54 439
43 54 439
44 54 439
45 54 439
46 54 439
47 54 439
48 54 439
49 54 439
50 54 439
51 54 439
52 54 439
53 54 439
0 55 439
1 55 439
2 55 439
3 55 439
4 55 439
5 55 439
6 55 439
7 55 439
8 55 439
9 55 439
10 55 439
11 55 439
12 55 439
13 55 439
14 55 439
15 55 439
16 55 439
17 55 439
18 55 439
19 55 439
20 55 439
21 55 439
22 55 439
23 55 439
24 55 439
25 55 439
26 55 439
27 55 439
28 55 439
29 55 439
30 55 439
31 55 439
32 55 439
33 55 439
34 55 439
35 55 439
36 55 439
37 55 439
38 55 439
39 55 439
40 55 439
41 55 439
42 55 439
43 55 439
44 55 439
45 55 439
46 55 439
47 55 439
48 55 439
49 55 439
50 55 439
51 55 439
52 55 439
53 55 439
54 55 439
0 56 439
1 56 439
2 56 439
3 56 439
4 56 439
5 56 439
6 56 439
7 56 439
8 56 439
9 56 439
10 56 439
11 56 439
12 56 439
13 56 439
14 56 439
15 56 439
16 56 439
17 56 439
18 56 439
19 56 439
20 56 439
21 56 439
22 56 439
23 56 439
24 56 439
25 56 439
26 56 439
27 56 439
28 56 439
29 56 439
30 56 439
31 56 439
32 56 439
33 56 439
34 56 439
35 56 439
36 56 439
37 56 439
38 56 439
39 56 439
40 56 439
41 56 439
42 56 439
43 56 439
44 56 439
45 56 439
46 56 439
47 56 439
48 56 439
49 56 439
50 56 439
51 56 439
52 56 439
53 56 439
54 56 439
55 56 439
0 57 439
1 57 439
2 57 439
3 57 439
4 57 439
5 57 439
6 57 439
7 57 439
8 57 439
9 57 439
10 57 439
11 57 439
12 57 439
13 57 439
14 57 439
15 57 439
16 57 439
17 57 439
18 57 439
19 57 439
20 57 439
21 57 439
22 57 439
23 57 439
24 57 439
25 57 439
26 57 439
27 57 439
28 57 439
29 57 439
30 57 439
31 57 439
32 57 439
33 57 439
34 57 439
35 57 439
36 57 439
37 57 439
38 57 439
39 57 439
40 57 439
41 57 439
42 57 439
43 57 439
44 57 439
45 57 439
46 57 439
47 57 439
48 57 439
49 57 439
50 57 439
51 57 439
52 57 439
53 57 439
54 57 439
55 57 439
56 57 439
0 58 439
1 58 439
2 58 439
3 58 439
4 58 439
5 58 439
6 58 439
7 58 439
8 58 439
9 58 439
10 58 439
11 58 439
12 58 439
13 58 439
14 58 439
15 58 439
16 58 439
17 58 439
18 58 439
19 58 439
20 58 439
21 58 439
22 58 439
23 58 439
24 58 439
25 58 439
26 58 439
27 58 439
28 58 439
29 58 439
30 58 439
31 58 439
32 58 439
33 58 439
34 58 439
35 58 439
36 58 439
37 58 439
38 58 439
39 58 439
40 58 439
41 58 439
42 58 439
43 58 439
44 58 439
45 58 439
46 58 439
47 58 439
48 58 439
49 58 439
50 58 439
51 58 439
52 58 439
53 58 439
54 58 439
55 58 439
56 58 439
57 58 439
0 59 439
1 59 439
2 59 439
3 59 439
4 59 439
5 59 439
6 59 439
7 59 439
8 59 439
9 59 439
10 59 439
11 59 439
12 59 439
13 59 439
14 59 439
15 59 439
16 59 439
17 59 439
18 59 439
19 59 439
20 59 439
21 59 439
22 59 439
23 59 439
24 59 439
25 59 439
26 59 439
27 59 439
28 59 439
29 59 439
30 59 439
31 59 439
32 59 439
33 59 439
34 59 439
35 59 439
36 59 439
37 59 439
38 59 439
39 59 439
40 59 439
41 59 439
42 59 439
43 59 439
44 59 439
45 59 439
46 59 439
47 59 439
48 59 439
49 59 439
50 59 439
51 59 439
52 59 439
53 59 439
54 59 439
55 59 439
56 59 439
57 59 439
58 59 439
0 60 439
1 60 439
2 60 439
3 60 439
4 60 439
5 60 439
6 60 439
7 60 439
8 60 439
9 60 439
10 60 439
11 60 439
12 60 439
13 60 439
14 60 439
15 60 439
16 60 439
17 60 439
18 60 439
19 60 439
20 60 439
21 60 439
22 60 439
23 60 439
24 60 439
25 60 439
26 60 439
27 60 439
28 60 439
29 60 439
30 60 439
31 60 439
32 60 439
33 60 439
34 60 439
35 60 439
36 60 439
37 60 439
38 60 439
39 60 439
40 60 439
41 60 439
42 60 439
43 60 439
44 60 439
45 60 439
46 60 439
47 60 439
48 60 439
49 60 439
50 60 439
51 60 439
52 60 439
53 60 439
54 60 439
55 60 439
56 60 439
57 60 439
58 60 439
59 60 439
0 61 439
1 61 439
2 61 439
3 61 439
4 61 439
5 61 439
6 61 439
7 61 439
8 61 439
9 61 439
10 61 439
11 61 439
12 61 439
13 61 439
14 61 439
15 61 439
16 61 439
17 61 439
18 61 439
19 61 439
20 61 439
21 61 439
22 61 439
23 61 439
24 61 439
25 61 439
26 61 439
27 61 439
28 61 439
29 61 439
30 61 439
31 61 439
32 61 439
33 61 439
34 61 439
35 61 439
36 61 439
37 61 439
38 61 439
39 61 439
40 61 439
41 61 439
42 61 439
43 61 439
44 61 439
45 61 439
46 61 439
47 61 439
48 61 439
49 61 439
50 61 439
51 61 439
52 61 439
53 61 439
54 61 439
55 61 439
56 61 439
57 61 439
58 61 439
59 61 439
60 61 439
0 62 439
1 62 439
2 62 439
3 62 439
4 62 439
5 62 439
6 62 439
7 62 439
8 62 439
9 62 439
10 62 439
11 62 439
12 62 439
13 62 439
14 62 439
15 62 439
16 62 439
17 62 439
18 62 439
19 62 439
20 62 439
21 62 439
22 62 439
23 62 439
24 62 439
25 62 439
26 62 439
27 62 439
28 62 439
29 62 439
30 62 439
31 62 439
32 62 439
33 62 439
34 62 439
35 62 439
36 62 439
37 62 439
38 62 439
39 62 439
40 62 439
41 62 439
42 62 439
43 62 439
44 62 439
45 62 439
46 62 439
47 62 439
48 62 439
49 62 439
50 62 439
51 62 439
52 62 439
53 62 439
54 62 439
55 62 439
56 62 439
57 62 439
58 62 439
59 62 439
60 62 439
61 62 439
0 63 439
1 63 439
2 63 439
3 63 439
4 63 439
5 63 439
6 63 439
7 63 439
8 63 439
9 63 439
10 63 439
11 63 439
12 63 439
13 63 439
14 63 439
15 63 439
16 63 439
17 63 439
18 63 439
19 63 439
20 63 439
21 63 439
22 63 439
23 63 439
24 63 439
25 63 439
26 63 439
27 63 439
28 63 439
29 63 439
30 63 439
31 63 439
32 63 439
33 63 439
34 63 439
35 63 439
36 63 439
37 63 439
38 63 439
39 63 439
40 63 439
41 63 439
42 63 439
43 63 439
44 63 439
45 63 439
46 63 439
47 63 439
48 63 439
49 63 439
50 63 439
51 63 439
52 63 439
53 63 439
54 63 439
55 63 439
56 63 439
57 63 439
58 63 439
59 63 439
60 63 439
61 63 439
62 63 439
0 64 439
1 64 439
2 64 439
3 64 439
4 64 439
5 64 439
6 64 439
7 64 439
8 64 439
9 64 439
10 64 439
11 64 439
12 64 439
13 64 439
14 64 439
15 64 439
16 64 439
17 64 439
18 64 439
19 64 439
20 64 439
21 64 439
22 64 439
23 64 439
24 64 439
25 64 439
26 64 439
27 64 439
28 64 439
29 64 439
30 64 439
31 64 439
32 64 439
33 64 439
34 64 439
35 64 439
36 64 439
37 64 439
38 64 439
39 64 439
40 64 439
41 64 439
42 64 439
43 64 439
44 64 439
45 64 439
46 64 439
47 64 439
48 64 439
49 64 439
50 64 439
51 64 439
52 64 439
53 64 439
54 64 439
55 64 439
56 64 439
57 64 439
58 64 439
59 64 439
60 64 439
61 64 439
62 64 439
63 64 439
0 65 439
1 65 439
2 65 439
3 65 439
4 65 439
5 65 439
6 65 439
7 65 439
8 65 439
9 65 439
10 65 439
11 65 439
12 65 439
13 65 439
14 65 439
15 65 439
16 65 439
17 65 439
18 65 439
19 65 439
20 65 439
21 65 439
22 65 439
23 65 439
24 65 439
25 65 439
26 65 439
27 65 439
28 65 439
29 65 439
30 65 439
31 65 439
32 65 439
33 65 439
34 65 439
35 65 439
36 65 439
37 65 439
38 65 439
39 65 439
40 65 439
41 65 439
42 65 439
43 65 439
44 65 439
45 65 439
46 65 439
47 65 439
48 65 439
49 65 439
50 65 439
51 65 439
52 65 439
53 65 439
54 65 439
55 65 439
56 65 439
57 65 439
58 65 439
59 65 439
60 65 439
61 65 439
62 65 439
63 65 439
64 65 439
0 66 439
1 66 439
2 66 439
3 66 439
4 66 439
5 66 439
6 66 439
7 66 439
8 66 439
9 66 439
10 66 439
11 66 439
12 66 439
13 66 439
14 66 439
15 66 439
16 66 439
17 66 439
18 66 439
19 66 439
20 66 439
21 66 439
22 66 439
23 66 439
24 66 439
25 66 439
26 66 439
27 66 439
28 66 439
29 66 439
30 66 439
31 66 439
32 66 439
33 66 439
34 66 439
35 66 439
36 66 439
37 66 439
38 66 439
39 66 439
40 66 439
41 66 439
42 66 439
43 66 439
44 66 439
45 66 439
46 66 439
47 66 439
48 66 439
49 66 439
50 66 439
51 66 439
52 66 439
53 66 439
54 66 439
55 66 439
56 66 439
57 66 439
58 66 439
59 66 439
60 66 439
61 66 439
62 66 439
63 66 439
64 66 439
65 66 439
0 67 439
1 67 439
2 67 439
3 67 439
4 67 439
5 67 439
6 67 439
7 67 439
8 67 439
9 67 439
10 67 439
11 67 439
12 67 439
13 67 439
14 67 439
15 67 439
16 67 439
17 67 439
18 67 439
19 67 439
20 67 439
21 67 439
22 67 439
23 67 439
24 67 439
25 67 439
26 67 439
27 67 439
28 67 439
29 67 439
30 67 439
31 67 439
32 67 439
33 67 439
34 67 439
35 67 439
36 67 439
37 67 439
38 67 439
39 67 439
40 67 439
41 67 439
42 67 439
43 67 439
44 67 439
45 67 439
46 67 439
47 67 439
48 67 439
49 67 439
50 67 439
51 67 439
52 67 439
53 67 439
54 67 439
55 67 439
56 67 438
57 67 438
58 67 438
59 67 438
60 67 438
61 67 438
62 67 438
63 67 438
64 67 438
65 67 438
66 67 438
0 68 439
1 68 439
2 68 439
3 68 439
4 68 439
5 68 439
6 68 439
7 68 439
8 68 439
9 68 439
10 68 439
11 68 439
12 68 439
13 68 439
14 68 439
15 68 439
16 68 439
17 68 439
18 68 439
19 68 439
20 68 439
21 68 439
22 68 439
23 68 439
24 68 439
25 68 439
26 68 439
27 68 439
28 68 439
29 68 439
30 68 439
31 68 439
32 68 439
33 68 439
34 68 439
35 68 439
36 68 439
37 68 439
38 68 439
39 68 439
40 68 439
41 68 439
42 68 439
43 68 439
44 68 439
45 68 439
46 68 439
47 68 439
48 68 439
49 68 439
50 68 439
51 68 439
52 68 439
53 68 439
54 68 439
55 68 439
56 68 438
57 68 438
58 68 438
59 68 438
60 68 438
61 68 438
62 68 438
63 68 438
64 68 438
65 68 438
66 68 438
67 68 438
0 69 439
1 69 439
2 69 439
3 69 439
4 69 439
5 69 439
6 69 439
7 69 439
8 69 439
9 69 439
10 69 439
11 69 439
12 69 439
13 69 439
14 69 439
15 69 439
16 69 439
17 69 439
18 69 439
19 69 439
20 69 439
21 69 439
22 69 439
23 69 439
24 69 439
25 69 439
26 69 439
27 69 439
28 69 439
29 69 439
30 69 439
31 69 439
32 69 439
33 69 439
34 69 439
35 69 439
36 69 439
37 69 439
38 69 439
39 69 439
40 69 439
41 69 439
42 69 439
43 69 439
44 69 439
45 69 439
46 69 439
47 69 439
48 69 439
49 69 439
50 69 439
51 69 439
52 69 439
53 69 439
54 69 439
55 69 439
56 69 438
57 69 438
58 69 438
59 69 438
60 69 438
61 69 438
62 69 438
63 69 438
64 69 438
65 69 438
66 69 438
67 69 438
68 69 438
0 70 439
1 70 439
2 70 439
3 70 439
4 70 439
5 70 439
6 70 439
7 70 439
8 70 439
9 70 439
10 70 439
11 70 439
12 70 439
13 70 439
14 70 439
15 70 439
16 70 439
17 70 439
18 70 439
19 70 439
20 70 439
21 70 439
22 70 439
23 70 439
24 70 439
25 70 439
26 70 439
27 70 439
28 70 439
29 70 439
30 70 439
31 70 439
32 70 439
33 70 439
34 70 439
35 70 439
36 70 439
37 70 439
38 70 439
39 70 439
40 70 439
41 70 439
42 70 439
43 70 439
44 70 439
45 70 439
46 70 439
47 70 439
48 70 439
49 70 439
50 70 439
51 70 439
52 70 439
53 70 439
54 70 439
55 70 439
56 70 438
57 70 438
58 70 438
59 70 438
60 70 438
61 70 438
62 70 438
63 70 438
64 70 438
65 70 438
66 70 438
67 70 438
68 70 438
69 70 438
0 71 439
1 71 439
2 71 439
3 71 439
4 71 439
5 71 439
6 71 439
7 71 439
8 71 439
9 71 439
10 71 439
11 71 439
12 71 439
13 71 439
14 71 439
15 71 439
16 71 439
17 71 439
18 71 439
19 71 439
20 71 439
21 71 439
22 71 439
23 71 439
24 71 439
25 71 439
26 71 439
27 71 439
28 71 439
29 71 439
30 71 439
31 71 439
32 71 439
33 71 439
34 71 439
35 71 439
36 71 439
37 71 439
38 71 439
39 71 439
40 71 439
41 71 439
42 71 439
43 71 439
44 71 439
45 71 439
46 71 439
47 71 439
48 71 439
49 71 439
50 71 439
51 71 439
52 71 439
53 71 439
54 71 439
55 71 439
56 71 438
57 71 438
58 71 438
59 71 438
60 71 438
61 71 438
62 71 438
63 71 438
64 71 438
65 71 438
66 71 438
67 71 438
68 71 438
69 71 438
70 71 438
0 72 439
1 72 439
2 72 439
3 72 439
4 72 439
5 72 439
6 72 439
7 72 439
8 72 439
9 72 439
10 72 439
11 72 439
12 72 439
13 72 439
14 72 439
15 72 439
16 72 439
17 72 439
18 72 439
19 72 439
20 72 439
21 72 439
22 72 439
23 72 439
24 72 439
25 72 439
26 72 439
27 72 439
28 72 439
29 72 439
30 72 439
31 72 439
32 72 439
33 72 439
34 72 439
35 72 439
36 72 439
37 72 439
38 72 439
39 72 439
40 72 439
41 72 439
42 72 439
43 72 439
44 72 439
45 72 439
46 72 439
47 72 439
48 72 439
49 72 439
50 72 439
51 72 439
52 72 439
53 72 439
54 72 439
55 72 439
56 72 438
57 72 438
58 72 438
59 72 438
60 72 438
61 72 438
62 72 438
63 72 438
64 72 438
65 72 438
66 72 438
67 72 438
68 72 438
69 72 438
70 72 438
71 72 438
0 73 439
1 73 439
2 73 439
3 73 439
4 73 439
5 73 439
6 73 439
7 73 439
8 73 439
9 73 439
10 73 439
11 73 439
12 73 439
13 73 439
14 73 439
15 73 439
16 73 439
17 73 439
18 73 439
19 73 439
20 73 439
21 73 439
22 73 439
23 73 439
24 73 439
25 73 439
26 73 439
27 73 439
28 73 439
29 73 439
30 73 439
31 73 439
32 73 439
33 73 439
34 73 439
35 73 439
36 73 439
37 73 439
38 73 439
39 73 439
40 73 439
41 73 439
42 73 439
43 73 439
44 73 439
45 73 439
46 73 439
47 73 439
48 73 439
49 73 439
50 73 439
51 73 439
52 73 439
53 73 439
54 73 439
55 73 439
56 73 438
57 73 438
58 73 438
59 73 438
60 73 438
61 73 438
62 73 438
63 73 438
64 73 438
65 73 438
66 73 438
67 73 438
68 73 438
69 73 438
70 73 438
71 73 438
72 73 438
0 74 439
1 74 439
2 74 439
3 74 439
4 74 439
5 74 439
6 74 439
7 74 439
8 74 439
9 74 439
10 74 439
11 74 439
12 74 439
13 74 439
14 74 439
15 74 439
16 74 439
17 74 439
18 74 439
19 74 439
20 74 439
21 74 439
22 74 439
23 74 439
24 74 439
25 74 439
26 74 439
27 74 439
28 74 439
29 74 439
30 74 439
31 74 439
32 74 439
33 74 439
34 74 439
35 74 439
36 74 439
37 74 439
38 74 439
39 74 439
40 74 439
41 74 439
42 74 439
43 74 439
44 74 439
45 74 439
46 74 439
47 74 439
48 74 439
49 74 439
50 74 439
51 74 439
52 74 439
53 74 439
54 74 439
55 74 439
56 74 438
57 74 438
58 74 438
59 74 438
60 74 438
61 74 438
62 74 438
63 74 438
64 74 438
65 74 438
66 74 438
67 74 438
68 74 438
69 74 438
70 74 438
71 74 438
72 74 438
73 74 438
0 75 439
1 75 439
2 75 439
3 75 439
4 75 439
5 75 439
6 75 439
7 75 439
8 75 439
9 75 439
10 75 439
11 75 439
12 75 439
13 75 439
14 75 439
15 75 439
16 75 439
17 75 439
18 75 439
19 75 439
20 75 439
21 75 439
22 75 439
23 75 439
24 75 439
25 75 439
26 75 439
27 75 439
28 75 439
29 75 439
30 75 439
31 75 439
32 75 439
33 75 439
34 75 439
35 75 439
36 75 439
37 75 439
38 75 439
39 75 439
40 75 439
41 75 439
42 75 439
43 75 439
44 75 439
45 75 439
46 75 439
47 75 439
48 75 439
49 75 439
50 75 439
51 75 439
52 75 439
53 75 439
54 75 439
55 75 439
56 75 438
57 75 438
58 75 438
59 75 438
60 75 438
61 75 438
62 75 438
63 75 438
64 75 438
65 75 438
66 75 438
67 75 438
68 75 438
69 75 438
70 75 438
71 75 438
72 75 438
73 75 438
74 75 438
0 76 439
1 76 439
2 76 439
3 76 439
4 76 439
5 76 439
6 76 439
7 76 439
8 76 439
9 76 439
10 76 439
11 76 439
12 76 439
13 76 439
14 76 439
15 76 439
16 76 439
17 76 439
18 76 439
19 76 439
20 76 439
21 76 439
22 76 439
23 76 439
24 76 439
25 76 439
26 76 439
27 76 439
28 76 439
29 76 439
30 76 439
31 76 439
32 76 439
33 76 439
34 76 439
35 76 439
36 76 439
37 76 439
38 76 439
39 76 439
40 76 439
41 76 439
42 76 439
43 76 439
44 76 439
45 76 439
46 76 439
47 76 439
48 76 439
49 76 439
50 76 439
51 76 439
52 76 439
53 76 439
54 76 439
55 76 439
56 76 438
57 76 438
58 76 438
59 76 438
60 76 438
61 76 438
62 76 438
63 76 438
64 76 438
65 76 438
66 76 438
67 76 438
68 76 438
69 76 438
70 76 438
71 76 438
72 76 438
73 76 438
74 76 438
75 76 438
0 77 439
1 77 439
2 77 439
3 77 439
4 77 439
5 77 439
6 77 439
7 77 439
8 77 439
9 77 439
10 77 439
11 77 439
12 77 439
13 77 439
14 77 439
15 77 439
16 77 439
17 77 439
18 77 439
19 77 439
20 77 439
21 77 439
22 77 439
23 77 439
24 77 439
25 77 439
26 77 439
27 77 439
28 77 439
29 77 439
30 77 439
31 77 439
32 77 439
33 77 439
34 77 439
35 77 439
36 77 439
37 77 439
38 77 439
39 77 439
40 77 439
41 77 439
42 77 439
43 77 439
44 77 439
45 77 439
46 77 439
47 77 439
48 77 439
49 77 439
50 77 439
51 77 439
52 77 439
53 77 439
54 77 439
55 77 439
56 77 438
57 77 438
58 77 438
59 77 438
60 77 438
61 77 438
62 77 438
63 77 438
64 77 438
65 77 438
66 77 438
67 77 438
68 77 438
69 77 438
70 77 438
71 77 438
72 77 438
73 77 438
74 77 438
75 77 438
76 77 438
0 78 439
1 78 439
2 78 439
3 78 439
4 78 439
5 78 439
6 78 439
7 78 439
8 78 439
9 78 439
10 78 439
11 78 439
12 78 439
13 78 439
14 78 439
15 78 439
16 78 439
17 78 439
18 78 439
19 78 439
20 78 439
21 78 439
22 78 439
23 78 439
24 78 439
25 78 439
26 78 439
27 78 439
28 78 439
29 78 439
30 78 439
31 78 439
32 78 439
33 78 439
34 78 439
35 78 439
36 78 439
37 78 439
38 78 439
39 78 439
40 78 439
41 78 439
42 78 439
43 78 439
44 78 439
45 78 439
46 78 439
47 78 439
48 78 439
49 78 439
50 78 439
51 78 439
52 78 439
53 78 439
54 78 439
55 78 439
56 78 439
57 78 439
58 78 439
59 78 439
60 78 439
61 78 439
62 78 439
63 78 439
64 78 439
65 78 439
66 78 439
67 78 439
68 78 439
69 78 439
70 78 439
71 78 439
72 78 439
73 78 439
74 78 439
75 78 439
76 78 439
77 78 439
0 79 439
1 79 439
2 79 439
3 79 439
4 79 439
5 79 439
6 79 439
7 79 439
8 79 439
9 79 439
10 79 439
11 79 439
12 79 439
13 79 439
14 79 439
15 79 439
16 79 439
17 79 439
18 79 439
19 79 439
20 79 439
21 79 439
22 79 439
23 79 439
24 79 439
25 79 439
26 79 439
27 79 439
28 79 439
29 79 439
30 79 439
31 79 439
32 79 439
33 79 439
34 79 439
35 79 439
36 79 439
37 79 439
38 79 439
39 79 439
40 79 439
41 79 439
42 79 439
43 79 439
44 79 439
45 79 439
46 79 439
47 79 439
48 79 439
49 79 439
50 79 439
51 79 439
52 79 439
53 79 439
54 79 439
55 79 439
56 79 439
57 79 439
58 79 439
59 79 439
60 79 439
61 79 439
62 79 439
63 79 439
64 79 439
65 79 439
66 79 439
67 79 439
68 79 439
69 79 439
70 79 439
71 79 439
72 79 439
73 79 439
74 79 439
75 79 439
76 79 439
77 79 439
78 79 439
0 80 439
1 80 439
2 80 439
3 80 439
4 80 439
5 80 439
6 80 439
7 80 439
8 80 439
9 80 439
10 80 439
11 80 439
12 80 439
13 80 439
14 80 439
15 80 439
16 80 439
17 80 439
18 80 439
19 80 439
20 80 439
21 80 439
22 80 439
23 80 439
24 80 439
25 80 439
26 80 439
27 80 439
28 80 439
29 80 439
30 80 439
31 80 439
32 80 439
33 80 439
34 80 439
35 80 439
36 80 439
37 80 439
38 80 439
39 80 439
40 80 439
41 80 439
42 80 439
43 80 439
44 80 439
45 80 439
46 80 439
47 80 439
48 80 439
49 80 439
50 80 439
51 80 439
52 80 439
53 80 439
54 80 439
55 80 439
56 80 439
57 80 439
58 80 439
59 80 439
60 80 439
61 80 439
62 80 439
63 80 439
64 80 439
65 80 439
66 80 439
67 80 439
68 80 439
69 80 439
70 80 439
71 80 439
72 80 439
73 80 439
74 80 439
75 80 439
76 80 439
77 80 439
78 80 439
79 80 439
0 81 439
1 81 439
2 81 439
3 81 439
4 81 439
5 81 439
6 81 439
7 81 439
8 81 439
9 81 439
10 81 439
11 81 439
12 81 439
13 81 439
14 81 439
15 81 439
16 81 439
17 81 439
18 81 439
19 81 439
20 81 439
21 81 439
22 81 439
23 81 439
24 81 439
25 81 439
26 81 439
27 81 439
28 81 439
29 81 439
30 81 439
31 81 439
32 81 439
33 81 439
34 81 439
35 81 439
36 81 439
37 81 439
38 81 439
39 81 439
40 81 439
41 81 439
42 81 439
43 81 439
44 81 439
45 81 439
46 81 439
47 81 439
48 81 439
49 81 439
50 81 439
51 81 439
52 81 439
53 81 439
54 81 439
55 81 439
56 81 439
57 81 439
58 81 439
59 81 439
60 81 439
61 81 439
62 81 439
63 81 439
64 81 439
65 81 439
66 81 439
67 81 439
68 81 439
69 81 439
70 81 439
71 81 439
72 81 439
73 81 439
74 81 439
75 81 439
76 81 439
77 81 439
78 81 439
79 81 439
80 81 439
0 82 439
1 82 439
2 82 439
3 82 439
4 82 439
5 82 439
6 82 439
7 82 439
8 82 439
9 82 439
10 82 439
11 82 439
12 82 439
13 82 439
14 82 439
15 82 439
16 82 439
17 82 439
18 82 439
19 82 439
20 82 439
21 82 439
22 82 439
23 82 439
24 82 439
25 82 439
26 82 439
27 82 439
28 82 439
29 82 439
30 82 439
31 82 439
32 82 439
33 82 439
34 82 439
35 82 439
36 82 439
37 82 439
38 82 439
39 82 439
40 82 439
41 82 439
42 82 439
43 82 439
44 82 439
45 82 439
46 82 439
47 82 439
48 82 439
49 82 439
50 82 439
51 82 439
52 82 439
53 82 439
54 82 439
55 82 439
56 82 439
57 82 439
58 82 439
59 82 439
60 82 439
61 82 439
62 82 439
63 82 439
64 82 439
65 82 439
66 82 439
67 82 439
68 82 439
69 82 439
70 82 439
71 82 439
72 82 439
73 82 439
74 82 439
75 82 439
76 82 439
77 82 439
78 82 439
79 82 439
80 82 439
81 82 439
0 83 439
1 83 439
2 83 439
3 83 439
4 83 439
5 83 439
6 83 439
7 83 439
8 83 439
9 83 439
10 83 439
11 83 439
12 83 439
13 83 439
14 83 439
15 83 439
16 83 439
17 83 439
18 83 439
19 83 439
20 83 439
21 83 439
22 83 439
23 83 439
24 83 439
25 83 439
26 83 439
27 83 439
28 83 439
29 83 439
30 83 439
31 83 439
32 83 439
33 83 439
34 83 439
35 83 439
36 83 439
37 83 439
38 83 439
39 83 439
40 83 439
41 83 439
42 83 439
43 83 439
44 83 439
45 83 439
46 83 439
47 83 439
48 83 439
49 83 439
50 83 439
51 83 439
52 83 439
53 83 439
54 83 439
55 83 439
56 83 439
57 83 439
58 83 439
59 83 439
60 83 439
61 83 439
62 83 439
63 83 439
64 83 439
65 83 439
66 83 439
67 83 439
68 83 439
69 83 439
70 83 439
71 83 439
72 83 439
73 83 439
74 83 439
75 83 439
76 83 439
77 83 439
78 83 439
79 83 439
80 83 439
81 83 439
82 83 439
0 84 439
1 84 439
2 84 439
3 84 439
4 84 439
5 84 439
6 84 439
7 84 439
8 84 439
9 84 439
10 84 439
11 84 439
12 84 439
13 84 439
14 84 439
15 84 439
16 84 439
17 84 439
18 84 439
19 84 439
20 84 439
21 84 439
22 84 439
23 84 439
24 84 439
25 84 439
26 84 439
27 84 439
28 84 439
29 84 439
30 84 439
31 84 439
32 84 439
33 84 439
34 84 439
35 84 439
36 84 439
37 84 439
38 84 439
39 84 439
40 84 439
41 84 439
42 84 439
43 84 439
44 84 439
45 84 439
46 84 439
47 84 439
48 84 439
49 84 439
50 84 439
51 84 439
52 84 439
53 84 439
54 84 439
55 84 439
56 84 439
57 84 439
58 84 439
59 84 439
60 84 439
61 84 439
62 84 439
63 84 439
64 84 439
65 84 439
66 84 439
67 84 439
68 84 439
69 84 439
70 84 439
71 84 439
72 84 439
73 84 439
74 84 439
75 84 439
76 84 439
77 84 439
78 84 439
79 84 439
80 84 439
81 84 439
82 84 439
83 84 439
0 85 439
1 85 439
2 85 439
3 85 439
4 85 439
5 85 439
6 85 439
7 85 439
8 85 439
9 85 439
10 85 439
11 85 439
12 85 439
13 85 439
14 85 439
15 85 439
16 85 439
17 85 439
18 85 439
19 85 439
20 85 439
21 85 439
22 85 439
23 85 439
24 85 439
25 85 439
26 85 439
27 85 439
28 85 439
29 85 439
30 85 439
31 85 439
32 85 439
33 85 439
34 85 439
35 85 439
36 85 439
37 85 439
38 85 439
39 85 439
40 85 439
41 85 439
42 85 439
43 85 439
44 85 439
45 85 439
46 85 439
47 85 439
48 85 439
49 85 439
50 85 439
51 85 439
52 85 439
53 85 439
54 85 439
55 85 439
56 85 439
57 85 439
58 85 439
59 85 439
60 85 439
61 85 439
62 85 439
63 85 439
64 85 439
65 85 439
66 85 439
67 85 439
68 85 439
69 85 439
70 85 439
71 85 439
72 85 439
73 85 439
74 85 439
75 85 439
76 85 439
77 85 439
78 85 439
79 85 439
80 85 439
81 85 439
82 85 439
83 85 439
84 85 439
0 86 439
1 86 439
2 86 439
3 86 439
4 86 439
5 86 439
6 86 439
7 86 439
8 86 439
9 86 439
10 86 439
11 86 439
12 86 439
13 86 439
14 86 439
15 86 439
16 86 439
17 86 439
18 86 439
19 86 439
20 86 439
21 86 439
22 86 439
23 86 439
24 86 439
25 86 439
26 86 439
27 86 439
28 86 439
29 86 439
30 86 439
31 86 439
32 86 439
33 86 439
34 86 439
35 86 439
36 86 439
37 86 439
38 86 439
39 86 439
40 86 439
41 86 439
42 86 439
43 86 439
44 86 439
45 86 439
46 86 439
47 86 439
48 86 439
49 86 439
50 86 439
51 86 439
52 86 439
53 86 439
54 86 439
55 86 439
56 86 439
57 86 439
58 86 439
59 86 439
60 86 439
61 86 439
62 86 439
63 86 439
64 86 439
65 86 439
66 86 439
67 86 439
68 86 439
69 86 439
70 86 439
71 86 439
72 86 439
73 86 439
74 86 439
75 86 439
76 86 439
77 86 439
78 86 439
79 86 439
80 86 439
81 86 439
82 86 439
83 86 439
84 86 439
85 86 439
0 87 439
1 87 439
2 87 439
3 87 439
4 87 439
5 87 439
6 87 439
7 87 439
8 87 439
9 87 439
10 87 439
11 87 439
12 87 439
13 87 439
14 87 439
15 87 439
16 87 439
17 87 439
18 87 439
19 87 439
20 87 439
21 87 439
22 87 439
23 87 439
24 87 439
25 87 439
26 87 439
27 87 439
28 87 439
29 87 439
30 87 439
31 87 439
32 87 439
33 87 439
34 87 439
35 87 439
36 87 439
37 87 439
38 87 439
39 87 439
40 87 439
41 87 439
42 87 439
43 87 439
44 87 439
45 87 439
46 87 439
47 87 439
48 87 439
49 87 439
50 87 439
51 87 439
52 87 439
53 87 439
54 87 439
55 87 439
56 87 439
57 87 439
58 87 439
59 87 439
60 87 439
61 87 439
62 87 439
63 87 439
64 87 439
65 87 439
66 87 439
67 87 439
68 87 439
69 87 439
70 87 439
71 87 439
72 87 439
73 87 439
74 87 439
75 87 439
76 87 439
77 87 439
78 87 439
79 87 439
80 87 439
81 87 439
82 87 439
83 87 439
84 87 439
85 87 439
86 87 439
0 88 439
1 88 439
2 88 439
3 88 439
4 88 439
5 88 439
6 88 439
7 88 439
8 88 439
9 88 439
10 88 439
11 88 439
12 88 439
13 88 439
14 88 439
15 88 439
16 88 439
17 88 439
18 88 439
19 88 439
20 88 439
21 88 439
22 88 439
23 88 439
24 88 439
25 88 439
26 88 439
27 88 439
28 88 439
29 88 439
30 88 439
31 88 439
32 88 439
33 88 439
34 88 439
35 88 439
36 88 439
37 88 439
38 88 439
39 88 439
40 88 439
41 88 439
42 88 439
43 88 439
44 88 439
45 88 439
46 88 439
47 88 439
48 88 439
49 88 439
50 88 439
51 88 439
52 88 439
53 88 439
54 88 439
55 88 439
56 88 439
57 88 439
58 88 439
59 88 439
60 88 439
61 88 439
62 88 439
63 88 439
64 88 439
65 88 439
66 88 439
67 88 439
68 88 439
69 88 439
70 88 439
71 88 439
72 88 439
73 88 439
74 88 439
75 88 439
76 88 439
77 88 439
78 88 439
79 88 439
80 88 439
81 88 439
82 88 439
83 88 439
84 88 439
85 88 439
86 88 439
87 88 439
0 89 439
1 89 439
2 89 439
3 89 439
4 89 439
5 89 439
6 89 439
7 89 439
8 89 439
9 89 439
10 89 439
11 89 439
12 89 439
13 89 439
14 89 439
15 89 439
16 89 439
17 89 439
18 89 439
19 89 439
20 89 439
21 89 439
22 89 439
23 89 439
24 89 439
25 89 439
26 89 439
27 89 439
28 89 439
29 89 439
30 89 439
31 89 439
32 89 439
33 89 439
34 89 439
35 89 439
36 89 439
37 89 439
38 89 439
39 89 439
40 89 439
41 89 439
42 89 439
43 89 439
44 89 439
45 89 439
46 89 439
47 89 439
48 89 439
49 89 439
50 89 439
51 89 439
52 89 439
53 89 439
54 89 439
55 89 439
56 89 439
57 89 439
58 89 439
59 89 439
60 89 439
61 89 439
62 89 439
63 89 439
64 89 439
65 89 439
66 89 439
67 89 439
68 89 439
69 89 439
70 89 439
71 89 439
72 89 439
73 89 439
74 89 439
75 89 439
76 89 439
77 89 439
78 89 439
79 89 439
80 89 439
81 89 439
82 89 439
83 89 439
84 89 439
85 89 439
86 89 439
87 89 439
88 89 439
0 90 439
1 90 439
2 90 439
3 90 439
4 90 439
5 90 439
6 90 439
7 90 439
8 90 439
9 90 439
10 90 439
11 90 439
12 90 439
13 90 439
14 90 439
15 90 439
16 90 439
17 90 439
18 90 439
19 90 439
20 90 439
21 90 439
22 90 439
23 90 439
24 90 439
25 90 439
26 90 439
27 90 439
28 90 439
29 90 439
30 90 439
31 90 439
32 90 439
33 90 439
34 90 439
35 90 439
36 90 439
37 90 439
38 90 439
39 90 439
40 90 439
41 90 439
42 90 439
43 90 439
44 90 439
45 90 439
46 90 439
47 90 439
48 90 439
49 90 439
50 90 439
51 90 439
52 90 439
53 90 439
54 90 439
55 90 439
56 90 439
57 90 439
58 90 439
59 90 439
60 90 439
61 90 439
62 90 439
63 90 439
64 90 439
65 90 439
66 90 439
67 90 439
68 90 439
69 90 439
70 90 439
71 90 439
72 90 439
73 90 439
74 90 439
75 90 439
76 90 439
77 90 439
78 90 439
79 90 439
80 90 439
81 90 439
82 90 439
83 90 439
84 90 439
85 90 439
86 90 439
87 90 439
88 90 439
89 90 439
0 91 439
1 91 439
2 91 439
3 91 439
4 91 439
5 91 439
6 91 439
7 91 439
8 91 439
9 91 439
10 91 439
11 91 439
12 91 439
13 91 439
14 91 439
15 91 439
16 91 439
17 91 439
18 91 439
19 91 439
20 91 439
21 91 439
22 91 439
23 91 439
24 91 439
25 91 439
26 91 439
27 91 439
28 91 439
29 91 439
30 91 439
31 91 439
32 91 439
33 91 439
34 91 439
35 91 439
36 91 439
37 91 439
38 91 439
39 91 439
40 91 439
41 91 439
42 91 439
43 91 439
44 91 439
45 91 439
46 91 439
47 91 439
48 91 439
49 91 439
50 91 439
51 91 439
52 91 439
53 91 439
54 91 439
55 91 439
56 91 439
57 91 439
58 91 439
59 91 439
60 91 439
61 91 439
62 91 439
63 91 439
64 91 439
65 91 439
66 91 439
67 91 439
68 91 439
69 91 439
70 91 439
71 91 439
72 91 439
73 91 439
74 91 439
75 91 439
76 91 439
77 91 439
78 91 439
79 91 439
80 91 439
81 91 439
82 91 439
83 91 439
84 91 439
85 91 439
86 91 439
87 91 439
88 91 439
89 91 439
90 91 439
0 92 439
1 92 439
2 92 439
3 92 439
4 92 439
5 92 439
6 92 439
7 92 439
8 92 439
9 92 439
10 92 439
11 92 439
12 92 439
13 92 439
14 92 439
15 92 439
16 92 439
17 92 439
18 92 439
19 92 439
20 92 439
21 92 439
22 92 439
23 92 439
24 92 439
25 92 439
26 92 439
27 92 439
28 92 439
29 92 439
30 92 439
31 92 439
32 92 439
33 92 439
34 92 439
35 92 439
36 92 439
37 92 439
38 92 439
39 92 439
40 92 439
41 92 439
42 92 439
43 92 439
44 92 439
45 92 439
46 92 439
47 92 439
48 92 439
49 92 439
50 92 439
51 92 439
52 92 439
53 92 439
54 92 439
55 92 439
56 92 439
57 92 439
58 92 439
59 92 439
60 92 439
61 92 439
62 92 439
63 92 439
64 92 439
65 92 439
66 92 439
67 92 439
68 92 439
69 92 439
70 92 439
71 92 439
72 92 439
73 92 439
74 92 439
75 92 439
76 92 439
77 92 439
78 92 439
79 92 439
80 92 439
81 92 439
82 92 439
83 92 439
84 92 439
85 92 439
86 92 439
87 92 439
88 92 439
89 92 439
90 92 439
91 92 439
0 93 439
1 93 439
2 93 439
3 93 439
4 93 439
5 93 439
6 93 439
7 93 439
8 93 439
9 93 439
10 93 439
11 93 439
12 93 439
13 93 439
14 93 439
15 93 439
16 93 439
17 93 439
18 93 439
19 93 439
20 93 439
21 93 439
22 93 439
23 93 439
24 93 439
25 93 439
26 93 439
27 93 439
28 93 439
29 93 439
30 93 439
31 93 439
32 93 439
33 93 439
34 93 439
35 93 439
36 93 439
37 93 439
38 93 439
39 93 439
40 93 439
41 93 439
42 93 439
43 93 439
44 93 439
45 93 439
46 93 439
47 93 439
48 93 439
49 93 439
50 93 439
51 93 439
52 93 439
53 93 439
54 93 439
55 93 439
56 93 439
57 93 439
58 93 439
59 93 439
60 93 439
61 93 439
62 93 439
63 93 439
64 93 439
65 93 439
66 93 439
67 93 439
68 93 439
69 93 439
70 93 439
71 93 439
72 93 439
73 93 439
74 93 439
75 93 439
76 93 439
77 93 439
78 93 439
79 93 439
80 93 439
81 93 439
82 93 439
83 93 439
84 93 439
85 93 439
86 93 439
87 93 439
88 93 439
89 93 439
90 93 439
91 93 439
92 93 439
0 94 439
1 94 439
2 94 439
3 94 439
4 94 439
5 94 439
6 94 439
7 94 439
8 94 439
9 94 439
10 94 439
11 94 439
12 94 439
13 94 439
14 94 439
15 94 439
16 94 439
17 94 439
18 94 439
19 94 439
20 94 439
21 94 439
22 94 439
23 94 439
24 94 439
25 94 439
26 94 439
27 94 439
28 94 439
29 94 439
30 94 439
31 94 439
32 94 439
33 94 439
34 94 439
35 94 439
36 94 439
37 94 439
38 94 439
39 94 439
40 94 439
41 94 439
42 94 439
43 94 439
44 94 439
45 94 439
46 94 439
47 94 439
48 94 439
49 94 439
50 94 439
51 94 439
52 94 439
53 94 439
54 94 439
55 94 439
56 94 439
57 94 439
58 94 439
59 94 439
60 94 439
61 94 439
62 94 439
63 94 439
64 94 439
65 94 439
66 94 439
67 94 439
68 94 439
69 94 439
70 94 439
71 94 439
72 94 439
73 94 439
74 94 439
75 94 439
76 94 439
77 94 439
78 94 439
79 94 439
80 94 439
81 94 439
82 94 439
83 94 439
84 94 439
85 94 439
86 94 439
87 94 439
88 94 439
89 94 439
90 94 439
91 94 439
92 94 439
93 94 439
0 95 439
1 95 439
2 95 439
3 95 439
4 95 439
5 95 439
6 95 439
7 95 439
8 95 439
9 95 439
10 95 439
11 95 439
12 95 439
13 95 439
14 95 439
15 95 439
16 95 439
17 95 439
18 95 439
19 95 439
20 95 439
21 95 439
22 95 439
23 95 439
24 95 439
25 95 439
26 95 439
27 95 439
28 95 439
29 95 439
30 95 439
31 95 439
32 95 439
33 95 439
34 95 439
35 95 439
36 95 439
37 95 439
38 95 439
39 95 439
40 95 439
41 95 439
42 95 439
43 95 439
44 95 439
45 95 439
46 95 439
47 95 439
48 95 439
49 95 439
50 95 439
51 95 439
52 95 439
53 95 439
54 95 439
55 95 439
56 95 439
57 95 439
58 95 439
59 95 439
60 95 439
61 95 439
62 95 439
63 95 439
64 95 439
65 95 439
66 95 439
67 95 439
68 95 439
69 95 439
70 95 439
71 95 439
72 95 439
73 95 439
74 95 439
75 95 439
76 95 439
77 95 439
78 95 439
79 95 439
80 95 439
81 95 439
82 95 439
83 95 439
84 95 439
85 95 439
86 95 439
87 95 439
88 95 439
89 95 439
90 95 439
91 95 439
92 95 439
93 95 439
94 95 439
0 96 439
1 96 439
2 96 439
3 96 439
4 96 439
5 96 439
6 96 439
7 96 439
8 96 439
9 96 439
10 96 439
11 96 439
12 96 439
13 96 439
14 96 439
15 96 439
16 96 439
17 96 439
18 96 439
19 96 439
20 96 439
21 96 439
22 96 439
23 96 439
24 96 439
25 96 439
26 96 439
27 96 439
28 96 439
29 96 439
30 96 439
31 96 439
32 96 439
33 96 439
34 96 439
35 96 439
36 96 439
37 96 439
38 96 439
39 96 439
40 96 439
41 96 439
42 96 439
43 96 439
44 96 439
45 96 439
46 96 439
47 96 439
48 96 439
49 96 439
50 96 439
51 96 439
52 96 439
53 96 439
54 96 439
55 96 439
56 96 439
57 96 439
58 96 439
59 96 439
60 96 439
61 96 439
62 96 439
63 96 439
64 96 439
65 96 439
66 96 439
67 96 439
68 96 439
69 96 439
70 96 439
71 96 439
72 96 439
73 96 439
74 96 439
75 96 439
76 96 439
77 96 439
78 96 439
79 96 439
80 96 439
81 96 439
82 96 439
83 96 439
84 96 439
85 96 439
86 96 439
87 96 439
88 96 439
89 96 439
90 96 439
91 96 439
92 96 439
93 96 439
94 96 439
95 96 439
0 97 439
1 97 439
2 97 439
3 97 439
4 97 439
5 97 439
6 97 439
7 97 439
8 97 439
9 97 439
10 97 439
11 97 439
12 97 439
13 97 439
14 97 439
15 97 439
16 97 439
17 97 439
18 97 439
19 97 439
20 97 439
21 97 439
22 97 439
23 97 439
24 97 439
25 97 439
26 97 439
27 97 439
28 97 439
29 97 439
30 97 439
31 97 439
32 97 439
33 97 439
34 97 439
35 97 439
36 97 439
37 97 439
38 97 439
39 97 439
40 97 439
41 97 439
42 97 439
43 97 439
44 97 439
45 97 439
46 97 439
47 97 439
48 97 439
49 97 439
50 97 439
51 97 439
52 97 439
53 97 439
54 97 439
55 97 439
56 97 439
57 97 439
58 97 439
59 97 439
60 97 439
61 97 439
62 97 439
63 97 439
64 97 439
65 97 439
66 97 439
67 97 439
68 97 439
69 97 439
70 97 439
71 97 439
72 97 439
73 97 439
74 97 439
75 97 439
76 97 439
77 97 439
78 97 439
79 97 439
80 97 439
81 97 439
82 97 439
83 97 439
84 97 439
85 97 439
86 97 439
87 97 439
88 97 439
89 97 439
90 97 439
91 97 439
92 97 439
93 97 439
94 97 439
95 97 439
96 97 439
0 98 439
1 98 439
2 98 439
3 98 439
4 98 439
5 98 439
6 98 439
7 98 439
8 98 439
9 98 439
10 98 439
11 98 439
12 98 439
13 98 439
14 98 439
15 98 439
16 98 439
17 98 439
18 98 439
19 98 439
20 98 439
21 98 439
22 98 439
23 98 439
24 98 439
25 98 439
26 98 439
27 98 439
28 98 439
29 98 439
30 98 439
31 98 439
32 98 439
33 98 439
34 98 439
35 98 439
36 98 439
37 98 439
38 98 439
39 98 439
40 98 439
41 98 439
42 98 439
43 98 439
44 98 439
45 98 439
46 98 439
47 98 439
48 98 439
49 98 439
50 98 439
51 98 439
52 98 439
53 98 439
54 98 439
55 98 439
56 98 439
57 98 439
58 98 439
59 98 439
60 98 439
61 98 439
62 98 439
63 98 439
64 98 439
65 98 439
66 98 439
67 98 439
68 98 439
69 98 439
70 98 439
71 98 439
72 98 439
73 98 439
74 98 439
75 98 439
76 98 439
77 98 439
78 98 439
79 98 439
80 98 439
81 98 439
82 98 439
83 98 439
84 98 439
85 98 439
86 98 439
87 98 439
88 98 439
89 98 439
90 98 439
91 98 439
92 98 439
93 98 439
94 98 439
95 98 439
96 98 439
97 98 439
0 99 439
1 99 439
2 99 439
3 99 439
4 99 439
5 99 439
6 99 439
7 99 439
8 99 439
9 99 439
10 99 439
11 99 439
12 99 439
13 99 439
14 99 439
15 99 439
16 99 439
17 99 439
18 99 439
19 99 439
20 99 439
21 99 439
22 99 439
23 99 439
24 99 439
25 99 439
26 99 439
27 99 439
28 99 439
29 99 439
30 99 439
31 99 439
32 99 439
33 99 439
34 99 439
35 99 439
36 99 439
37 99 439
38 99 439
39 99 439
40 99 439
41 99 439
42 99 439
43 99 439
44 99 439
45 99 439
46 99 439
47 99 439
48 99 439
49 99 439
50 99 439
51 99 439
52 99 439
53 99 439
54 99 439
55 99 439
56 99 439
57 99 439
58 99 439
59 99 439
60 99 439
61 99 439
62 99 439
63 99 439
64 99 439
65 99 439
66 99 439
67 99 439
68 99 439
69 99 439
70 99 439
71 99 439
72 99 439
73 99 439
74 99 439
75 99 439
76 99 439
77 99 439
78 99 439
79 99 439
80 99 439
81 99 439
82 99 439
83 99 439
84 99 439
85 99 439
86 99 439
87 99 439
88 99 439
89 99 439
90 99 439
91 99 439
92 99 439
93 99 439
94 99 439
95 99 439
96 99 439
97 99 439
98 99 439
0 100 439
1 100 439
2 100 439
3 100 439
4 100 439
5 100 439
6 100 439
7 100 439
8 100 439
9 100 439
10 100 439
11 100 439
12 100 439
13 100 439
14 100 439
15 100 439
16 100 439
17 100 439
18 100 439
19 100 439
20 100 439
21 100 439
22 100 439
23 100 439
24 100 439
25 100 439
26 100 439
27 100 439
28 100 439
29 100 439
30 100 439
31 100 439
32 100 439
33 100 439
34 100 439
35 100 439
36 100 439
37 100 439
38 100 439
39 100 439
40 100 439
41 100 439
42 100 439
43 100 439
44 100 439
45 100 439
46 100 439
47 100 439
48 100 439
49 100 439
50 100 439
51 100 439
52 100 439
53 100 439
54 100 439
55 100 439
56 100 439
57 100 439
58 100 439
59 100 439
60 100 439
61 100 439
62 100 439
63 100 439
64 100 439
65 100 439
66 100 439
67 100 439
68 100 439
69 100 439
70 100 439
71 100 439
72 100 439
73 100 439
74 100 439
75 100 439
76 100 439
77 100 439
78 100 439
79 100 439
80 100 439
81 100 439
82 100 439
83 100 439
84 100 439
85 100 439
86 100 439
87 100 439
88 100 439
89 100 439
90 100 439
91 100 439
92 100 439
93 100 439
94 100 439
95 100 439
96 100 439
97 100 439
98 100 439
99 100 439
