0 1 267
0 2 264
1 2 270
0 3 270
1 3 266
2 3 270
0 4 268
1 4 265
2 4 270
3 4 273
0 5 273
1 5 265
2 5 267
3 5 271
4 5 266
0 6 265
1 6 269
2 6 266
3 6 273
4 6 275
5 6 273
0 7 268
1 7 266
2 7 269
3 7 268
4 7 266
5 7 271
6 7 268
0 8 279
1 8 293
2 8 287
3 8 280
4 8 288
5 8 287
6 8 283
7 8 284
0 9 304
1 9 304
2 9 302
3 9 302
4 9 307
5 9 312
6 9 306
7 9 310
8 9 300
0 10 334
1 10 341
2 10 336
3 10 330
4 10 324
5 10 320
6 10 330
7 10 316
8 10 341
9 10 328
0 11 334
1 11 323
2 11 333
3 11 324
4 11 324
5 11 327
6 11 336
7 11 337
8 11 331
9 11 339
10 11 335
0 12 331
1 12 343
2 12 334
3 12 328
4 12 334
5 12 335
6 12 340
7 12 327
8 12 338
9 12 340
10 12 348
11 12 338
0 13 336
1 13 334
2 13 325
3 13 317
4 13 340
5 13 342
6 13 333
7 13 335
8 13 338
9 13 331
10 13 337
11 13 344
12 13 340
0 14 336
1 14 339
2 14 333
3 14 337
4 14 344
5 14 330
6 14 337
7 14 346
8 14 335
9 14 337
10 14 338
11 14 334
12 14 325
13 14 348
0 15 374
1 15 366
2 15 365
3 15 358
4 15 377
5 15 372
6 15 370
7 15 360
8 15 372
9 15 359
10 15 385
11 15 376
12 15 379
13 15 372
14 15 362
0 16 382
1 16 396
2 16 378
3 16 399
4 16 381
5 16 396
6 16 390
7 16 379
8 16 384
9 16 387
10 16 388
11 16 385
12 16 365
13 16 379
14 16 380
15 16 386
0 17 405
1 17 408
2 17 407
3 17 409
4 17 409
5 17 408
6 17 410
7 17 399
8 17 392
9 17 396
10 17 401
11 17 390
12 17 402
13 17 394
14 17 406
15 17 405
16 17 391
0 18 401
1 18 413
2 18 404
3 18 404
4 18 404
5 18 409
6 18 417
7 18 398
8 18 406
9 18 392
10 18 396
11 18 389
12 18 395
13 18 382
14 18 387
15 18 393
16 18 398
17 18 403
0 19 411
1 19 412
2 19 421
3 19 420
4 19 418
5 19 414
6 19 416
7 19 412
8 19 413
9 19 411
10 19 410
11 19 408
12 19 402
13 19 410
14 19 418
15 19 407
16 19 414
17 19 410
18 19 403
0 20 423
1 20 425
2 20 427
3 20 421
4 20 422
5 20 429
6 20 424
7 20 423
8 20 421
9 20 414
10 20 416
11 20 415
12 20 410
13 20 413
14 20 415
15 20 412
16 20 424
17 20 413
18 20 417
19 20 416
0 21 417
1 21 426
2 21 421
3 21 426
4 21 422
5 21 423
6 21 431
7 21 422
8 21 416
9 21 418
10 21 401
11 21 420
12 21 415
13 21 412
14 21 413
15 21 416
16 21 418
17 21 417
18 21 417
19 21 416
20 21 411
0 22 426
1 22 434
2 22 425
3 22 422
4 22 423
5 22 424
6 22 427
7 22 422
8 22 425
9 22 414
10 22 421
11 22 421
12 22 414
13 22 416
14 22 424
15 22 424
16 22 426
17 22 422
18 22 416
19 22 418
20 22 427
21 22 428
0 23 433
1 23 426
2 23 428
3 23 430
4 23 430
5 23 438
6 23 433
7 23 426
8 23 430
9 23 433
10 23 427
11 23 427
12 23 422
13 23 422
14 23 425
15 23 428
16 23 431
17 23 424
18 23 433
19 23 430
20 23 423
21 23 412
22 23 428
0 24 429
1 24 436
2 24 437
3 24 433
4 24 435
5 24 437
6 24 432
7 24 436
8 24 436
9 24 428
10 24 432
11 24 434
12 24 431
13 24 435
14 24 431
15 24 427
16 24 429
17 24 429
18 24 438
19 24 432
20 24 432
21 24 435
22 24 435
23 24 438
0 25 439
1 25 441
2 25 434
3 25 437
4 25 442
5 25 441
6 25 438
7 25 442
8 25 441
9 25 438
10 25 439
11 25 437
12 25 438
13 25 441
14 25 433
15 25 436
16 25 437
17 25 436
18 25 440
19 25 437
20 25 436
21 25 438
22 25 436
23 25 438
24 25 435
0 26 442
1 26 435
2 26 436
3 26 442
4 26 437
5 26 440
6 26 436
7 26 437
8 26 435
9 26 433
10 26 437
11 26 439
12 26 438
13 26 437
14 26 439
15 26 440
16 26 435
17 26 433
18 26 436
19 26 441
20 26 435
21 26 436
22 26 438
23 26 440
24 26 438
25 26 437
0 27 437
1 27 438
2 27 438
3 27 439
4 27 438
5 27 439
6 27 441
7 27 436
8 27 434
9 27 435
10 27 436
11 27 436
12 27 435
13 27 436
14 27 439
15 27 438
16 27 441
17 27 436
18 27 436
19 27 437
20 27 433
21 27 437
22 27 440
23 27 442
24 27 436
25 27 439
26 27 436
0 28 441
1 28 442
2 28 441
3 28 440
4 28 441
5 28 441
6 28 437
7 28 442
8 28 437
9 28 441
10 28 440
11 28 438
12 28 437
13 28 438
14 28 438
15 28 439
16 28 438
17 28 437
18 28 437
19 28 435
20 28 436
21 28 438
22 28 435
23 28 439
24 28 442
25 28 438
26 28 437
27 28 438
0 29 441
1 29 441
2 29 438
3 29 442
4 29 438
5 29 442
6 29 442
7 29 442
8 29 441
9 29 439
10 29 440
11 29 437
12 29 440
13 29 441
14 29 434
15 29 443
16 29 439
17 29 433
18 29 438
19 29 443
20 29 438
21 29 440
22 29 438
23 29 437
24 29 435
25 29 436
26 29 438
27 29 436
28 29 442
0 30 444
1 30 443
2 30 443
3 30 443
4 30 441
5 30 442
6 30 442
7 30 443
8 30 442
9 30 444
10 30 436
11 30 442
12 30 439
13 30 437
14 30 439
15 30 441
16 30 443
17 30 439
18 30 440
19 30 438
20 30 439
21 30 440
22 30 441
23 30 441
24 30 440
25 30 442
26 30 441
27 30 439
28 30 442
29 30 439
0 31 441
1 31 444
2 31 442
3 31 442
4 31 444
5 31 441
6 31 442
7 31 443
8 31 443
9 31 441
10 31 442
11 31 442
12 31 442
13 31 441
14 31 440
15 31 440
16 31 442
17 31 441
18 31 440
19 31 442
20 31 442
21 31 440
22 31 442
23 31 437
24 31 439
25 31 441
26 31 438
27 31 444
28 31 440
29 31 440
30 31 439
0 32 441
1 32 442
2 32 444
3 32 443
4 32 443
5 32 442
6 32 442
7 32 442
8 32 440
9 32 441
10 32 441
11 32 442
12 32 443
13 32 440
14 32 441
15 32 439
16 32 442
17 32 441
18 32 442
19 32 444
20 32 441
21 32 439
22 32 441
23 32 443
24 32 442
25 32 443
26 32 437
27 32 435
28 32 440
29 32 442
30 32 440
31 32 440
0 33 441
1 33 443
2 33 441
3 33 444
4 33 443
5 33 443
6 33 443
7 33 442
8 33 443
9 33 442
10 33 442
11 33 440
12 33 438
13 33 440
14 33 442
15 33 441
16 33 442
17 33 439
18 33 442
19 33 440
20 33 439
21 33 438
22 33 442
23 33 440
24 33 439
25 33 442
26 33 442
27 33 439
28 33 441
29 33 442
30 33 439
31 33 441
32 33 441
0 34 444
1 34 444
2 34 441
3 34 444
4 34 444
5 34 444
6 34 443
7 34 444
8 34 441
9 34 442
10 34 444
11 34 442
12 34 442
13 34 442
14 34 444
15 34 443
16 34 442
17 34 439
18 34 442
19 34 440
20 34 444
21 34 444
22 34 443
23 34 444
24 34 443
25 34 442
26 34 444
27 34 442
28 34 444
29 34 444
30 34 444
31 34 444
32 34 443
33 34 443
0 35 443
1 35 442
2 35 443
3 35 443
4 35 444
5 35 443
6 35 442
7 35 443
8 35 444
9 35 441
10 35 441
11 35 444
12 35 442
13 35 443
14 35 443
15 35 439
16 35 444
17 35 443
18 35 440
19 35 443
20 35 444
21 35 443
22 35 443
23 35 443
24 35 442
25 35 443
26 35 441
27 35 444
28 35 443
29 35 443
30 35 444
31 35 444
32 35 442
33 35 439
34 35 444
0 36 444
1 36 443
2 36 442
3 36 444
4 36 443
5 36 444
6 36 444
7 36 444
8 36 444
9 36 442
10 36 442
11 36 443
12 36 443
13 36 443
14 36 442
15 36 441
16 36 443
17 36 441
18 36 443
19 36 440
20 36 443
21 36 443
22 36 442
23 36 440
24 36 444
25 36 442
26 36 442
27 36 443
28 36 443
29 36 442
30 36 444
31 36 443
32 36 444
33 36 443
34 36 443
35 36 442
0 37 443
1 37 444
2 37 444
3 37 444
4 37 444
5 37 443
6 37 444
7 37 444
8 37 444
9 37 444
10 37 444
11 37 444
12 37 442
13 37 442
14 37 443
15 37 444
16 37 443
17 37 444
18 37 444
19 37 441
20 37 442
21 37 443
22 37 442
23 37 443
24 37 443
25 37 444
26 37 441
27 37 438
28 37 440
29 37 442
30 37 443
31 37 443
32 37 444
33 37 443
34 37 444
35 37 443
36 37 444
0 38 444
1 38 444
2 38 444
3 38 444
4 38 444
5 38 444
6 38 444
7 38 444
8 38 444
9 38 444
10 38 442
11 38 444
12 38 442
13 38 439
14 38 444
15 38 441
16 38 442
17 38 443
18 38 442
19 38 442
20 38 441
21 38 443
22 38 443
23 38 444
24 38 443
25 38 442
26 38 443
27 38 443
28 38 444
29 38 444
30 38 443
31 38 444
32 38 443
33 38 443
34 38 444
35 38 442
36 38 443
37 38 443
0 39 444
1 39 444
2 39 444
3 39 444
4 39 444
5 39 444
6 39 444
7 39 444
8 39 444
9 39 443
10 39 443
11 39 443
12 39 443
13 39 444
14 39 442
15 39 444
16 39 444
17 39 441
18 39 442
19 39 443
20 39 444
21 39 444
22 39 444
23 39 443
24 39 442
25 39 442
26 39 443
27 39 441
28 39 442
29 39 442
30 39 442
31 39 441
32 39 444
33 39 443
34 39 444
35 39 443
36 39 442
37 39 442
38 39 443
0 40 444
1 40 444
2 40 444
3 40 444
4 40 444
5 40 444
6 40 444
7 40 444
8 40 444
9 40 444
10 40 443
11 40 443
12 40 444
13 40 441
14 40 444
15 40 443
16 40 443
17 40 443
18 40 444
19 40 444
20 40 444
21 40 444
22 40 442
23 40 444
24 40 442
25 40 441
26 40 443
27 40 444
28 40 444
29 40 443
30 40 443
31 40 443
32 40 443
33 40 443
34 40 442
35 40 443
36 40 443
37 40 444
38 40 444
39 40 442
0 41 444
1 41 444
2 41 444
3 41 444
4 41 444
5 41 444
6 41 444
7 41 444
8 41 444
9 41 444
10 41 443
11 41 444
12 41 443
13 41 442
14 41 443
15 41 444
16 41 443
17 41 442
18 41 442
19 41 444
20 41 443
21 41 443
22 41 443
23 41 443
24 41 443
25 41 443
26 41 440
27 41 443
28 41 443
29 41 442
30 41 444
31 41 442
32 41 443
33 41 443
34 41 444
35 41 444
36 41 443
37 41 443
38 41 444
39 41 440
40 41 443
0 42 444
1 42 444
2 42 444
3 42 444
4 42 444
5 42 444
6 42 444
7 42 444
8 42 444
9 42 444
10 42 443
11 42 444
12 42 444
13 42 444
14 42 444
15 42 444
16 42 444
17 42 443
18 42 443
19 42 443
20 42 444
21 42 444
22 42 444
23 42 444
24 42 442
25 42 444
26 42 444
27 42 443
28 42 443
29 42 444
30 42 444
31 42 444
32 42 443
33 42 443
34 42 444
35 42 443
36 42 444
37 42 443
38 42 444
39 42 444
40 42 443
41 42 444
0 43 444
1 43 444
2 43 444
3 43 444
4 43 444
5 43 444
6 43 444
7 43 444
8 43 444
9 43 444
10 43 444
11 43 444
12 43 444
13 43 444
14 43 443
15 43 442
16 43 444
17 43 441
18 43 442
19 43 444
20 43 443
21 43 443
22 43 443
23 43 444
24 43 441
25 43 443
26 43 444
27 43 443
28 43 444
29 43 443
30 43 444
31 43 444
32 43 444
33 43 444
34 43 444
35 43 444
36 43 443
37 43 443
38 43 442
39 43 444
40 43 444
41 43 442
42 43 444
0 44 444
1 44 444
2 44 444
3 44 444
4 44 444
5 44 444
6 44 444
7 44 444
8 44 444
9 44 444
10 44 444
11 44 444
12 44 443
13 44 444
14 44 444
15 44 443
16 44 444
17 44 443
18 44 443
19 44 444
20 44 443
21 44 444
22 44 440
23 44 444
24 44 444
25 44 444
26 44 442
27 44 444
28 44 444
29 44 444
30 44 444
31 44 444
32 44 444
33 44 444
34 44 444
35 44 442
36 44 444
37 44 443
38 44 444
39 44 444
40 44 444
41 44 443
42 44 443
43 44 443
0 45 444
1 45 444
2 45 444
3 45 444
4 45 444
5 45 444
6 45 444
7 45 444
8 45 444
9 45 444
10 45 444
11 45 444
12 45 444
13 45 444
14 45 443
15 45 443
16 45 443
17 45 444
18 45 443
19 45 444
20 45 444
21 45 444
22 45 443
23 45 444
24 45 444
25 45 443
26 45 444
27 45 444
28 45 444
29 45 443
30 45 444
31 45 442
32 45 444
33 45 443
34 45 444
35 45 444
36 45 444
37 45 442
38 45 444
39 45 442
40 45 444
41 45 444
42 45 444
43 45 444
44 45 444
0 46 444
1 46 444
2 46 444
3 46 444
4 46 444
5 46 444
6 46 444
7 46 444
8 46 444
9 46 444
10 46 444
11 46 444
12 46 444
13 46 444
14 46 444
15 46 444
16 46 444
17 46 444
18 46 444
19 46 444
20 46 444
21 46 444
22 46 443
23 46 444
24 46 444
25 46 444
26 46 443
27 46 444
28 46 443
29 46 444
30 46 443
31 46 444
32 46 444
33 46 444
34 46 444
35 46 443
36 46 444
37 46 444
38 46 444
39 46 444
40 46 444
41 46 444
42 46 442
43 46 444
44 46 444
45 46 443
0 47 444
1 47 444
2 47 444
3 47 444
4 47 444
5 47 444
6 47 444
7 47 444
8 47 444
9 47 444
10 47 444
11 47 444
12 47 444
13 47 444
14 47 444
15 47 444
16 47 444
17 47 444
18 47 443
19 47 444
20 47 443
21 47 443
22 47 444
23 47 443
24 47 443
25 47 444
26 47 443
27 47 443
28 47 444
29 47 444
30 47 444
31 47 444
32 47 443
33 47 444
34 47 444
35 47 444
36 47 443
37 47 444
38 47 443
39 47 444
40 47 444
41 47 443
42 47 444
43 47 444
44 47 444
45 47 444
46 47 444
0 48 444
1 48 444
2 48 444
3 48 444
4 48 444
5 48 444
6 48 444
7 48 444
8 48 444
9 48 444
10 48 444
11 48 444
12 48 444
13 48 444
14 48 444
15 48 444
16 48 444
17 48 444
18 48 444
19 48 443
20 48 443
21 48 444
22 48 444
23 48 444
24 48 444
25 48 443
26 48 444
27 48 444
28 48 444
29 48 444
30 48 444
31 48 444
32 48 444
33 48 443
34 48 444
35 48 444
36 48 444
37 48 444
38 48 444
39 48 444
40 48 444
41 48 444
42 48 444
43 48 444
44 48 444
45 48 444
46 48 443
47 48 444
0 49 444
1 49 444
2 49 444
3 49 444
4 49 444
5 49 444
6 49 444
7 49 444
8 49 444
9 49 444
10 49 444
11 49 444
12 49 444
13 49 444
14 49 444
15 49 444
16 49 444
17 49 444
18 49 444
19 49 443
20 49 444
21 49 443
22 49 444
23 49 444
24 49 442
25 49 444
26 49 444
27 49 444
28 49 444
29 49 443
30 49 444
31 49 444
32 49 444
33 49 444
34 49 443
35 49 444
36 49 444
37 49 444
38 49 443
39 49 444
40 49 443
41 49 443
42 49 444
43 49 444
44 49 444
45 49 444
46 49 444
47 49 443
48 49 444
0 50 444
1 50 444
2 50 444
3 50 444
4 50 444
5 50 444
6 50 444
7 50 444
8 50 444
9 50 444
10 50 444
11 50 444
12 50 444
13 50 444
14 50 444
15 50 444
16 50 444
17 50 444
18 50 444
19 50 444
20 50 444
21 50 444
22 50 444
23 50 444
24 50 444
25 50 444
26 50 444
27 50 444
28 50 442
29 50 444
30 50 443
31 50 444
32 50 444
33 50 444
34 50 444
35 50 444
36 50 444
37 50 444
38 50 444
39 50 444
40 50 444
41 50 444
42 50 443
43 50 444
44 50 444
45 50 444
46 50 444
47 50 444
48 50 444
49 50 444
0 51 444
1 51 444
2 51 444
3 51 444
4 51 444
5 51 444
6 51 444
7 51 444
8 51 444
9 51 444
10 51 444
11 51 444
12 51 444
13 51 444
14 51 444
15 51 444
16 51 444
17 51 444
18 51 444
19 51 444
20 51 444
21 51 444
22 51 444
23 51 444
24 51 444
25 51 444
26 51 444
27 51 444
28 51 444
29 51 444
30 51 444
31 51 443
32 51 444
33 51 444
34 51 444
35 51 444
36 51 444
37 51 443
38 51 444
39 51 444
40 51 444
41 51 444
42 51 444
43 51 444
44 51 444
45 51 443
46 51 444
47 51 444
48 51 444
49 51 444
50 51 443
0 52 444
1 52 444
2 52 444
3 52 444
4 52 444
5 52 444
6 52 444
7 52 444
8 52 444
9 52 444
10 52 444
11 52 444
12 52 444
13 52 444
14 52 444
15 52 444
16 52 444
17 52 444
18 52 444
19 52 444
20 52 444
21 52 444
22 52 444
23 52 444
24 52 444
25 52 444
26 52 444
27 52 444
28 52 443
29 52 444
30 52 444
31 52 444
32 52 444
33 52 444
34 52 444
35 52 444
36 52 444
37 52 443
38 52 444
39 52 444
40 52 444
41 52 444
42 52 444
43 52 444
44 52 444
45 52 444
46 52 444
47 52 444
48 52 444
49 52 444
50 52 444
51 52 444
0 53 444
1 53 444
2 53 444
3 53 444
4 53 444
5 53 444
6 53 444
7 53 444
8 53 444
9 53 444
10 53 444
11 53 444
12 53 444
13 53 443
14 53 444
15 53 443
16 53 444
17 53 444
18 53 444
19 53 443
20 53 444
21 53 444
22 53 444
23 53 444
24 53 444
25 53 444
26 53 444
27 53 444
28 53 444
29 53 444
30 53 443
31 53 443
32 53 444
33 53 444
34 53 444
35 53 444
36 53 444
37 53 444
38 53 444
39 53 444
40 53 443
41 53 443
42 53 444
43 53 444
44 53 444
45 53 444
46 53 444
47 53 444
48 53 444
49 53 444
50 53 444
51 53 443
52 53 444
0 54 444
1 54 444
2 54 444
3 54 444
4 54 444
5 54 444
6 54 444
7 54 444
8 54 444
9 54 444
10 54 443
11 54 444
12 54 444
13 54 444
14 54 444
15 54 444
16 54 444
17 54 444
18 54 444
19 54 444
20 54 444
21 54 444
22 54 444
23 54 444
24 54 444
25 54 444
26 54 444
27 54 444
28 54 443
29 54 444
30 54 444
31 54 444
32 54 444
33 54 444
34 54 444
35 54 444
36 54 444
37 54 444
38 54 443
39 54 444
40 54 444
41 54 444
42 54 444
43 54 444
44 54 443
45 54 444
46 54 444
47 54 444
48 54 444
49 54 444
50 54 444
51 54 444
52 54 444
53 54 444
0 55 444
1 55 444
2 55 444
3 55 444
4 55 444
5 55 444
6 55 444
7 55 444
8 55 444
9 55 444
10 55 443
11 55 444
12 55 444
13 55 444
14 55 444
15 55 444
16 55 444
17 55 444
18 55 444
19 55 444
20 55 444
21 55 444
22 55 444
23 55 444
24 55 443
25 55 444
26 55 444
27 55 444
28 55 443
29 55 444
30 55 444
31 55 444
32 55 444
33 55 444
34 55 444
35 55 444
36 55 444
37 55 444
38 55 444
39 55 444
40 55 444
41 55 444
42 55 444
43 55 444
44 55 444
45 55 444
46 55 444
47 55 444
48 55 444
49 55 444
50 55 444
51 55 444
52 55 444
53 55 444
54 55 444
0 56 444
1 56 444
2 56 444
3 56 444
4 56 444
5 56 444
6 56 444
7 56 444
8 56 444
9 56 444
10 56 444
11 56 444
12 56 444
13 56 444
14 56 444
15 56 444
16 56 444
17 56 444
18 56 444
19 56 444
20 56 444
21 56 444
22 56 444
23 56 444
24 56 444
25 56 444
26 56 444
27 56 444
28 56 444
29 56 444
30 56 444
31 56 443
32 56 444
33 56 444
34 56 444
35 56 444
36 56 444
37 56 444
38 56 444
39 56 444
40 56 444
41 56 444
42 56 444
43 56 444
44 56 444
45 56 444
46 56 444
47 56 444
48 56 444
49 56 444
50 56 444
51 56 444
52 56 444
53 56 444
54 56 444
55 56 443
0 57 444
1 57 444
2 57 444
3 57 444
4 57 444
5 57 444
6 57 444
7 57 444
8 57 444
9 57 444
10 57 444
11 57 444
12 57 444
13 57 444
14 57 444
15 57 444
16 57 444
17 57 444
18 57 443
19 57 444
20 57 444
21 57 444
22 57 444
23 57 444
24 57 444
25 57 444
26 57 444
27 57 444
28 57 444
29 57 444
30 57 443
31 57 444
32 57 444
33 57 444
34 57 444
35 57 444
36 57 444
37 57 444
38 57 444
39 57 444
40 57 444
41 57 444
42 57 444
43 57 444
44 57 444
45 57 444
46 57 444
47 57 444
48 57 444
49 57 444
50 57 444
51 57 444
52 57 444
53 57 444
54 57 444
55 57 444
56 57 444
0 58 444
1 58 444
2 58 444
3 58 444
4 58 444
5 58 444
6 58 444
7 58 444
8 58 444
9 58 444
10 58 444
11 58 444
12 58 443
13 58 444
14 58 444
15 58 444
16 58 444
17 58 444
18 58 444
19 58 444
20 58 444
21 58 444
22 58 444
23 58 444
24 58 444
25 58 444
26 58 444
27 58 444
28 58 444
29 58 444
30 58 444
31 58 444
32 58 444
33 58 444
34 58 444
35 58 444
36 58 444
37 58 444
38 58 444
39 58 444
40 58 444
41 58 444
42 58 444
43 58 444
44 58 444
45 58 444
46 58 444
47 58 444
48 58 444
49 58 444
50 58 444
51 58 444
52 58 444
53 58 444
54 58 444
55 58 444
56 58 444
57 58 444
0 59 444
1 59 444
2 59 444
3 59 444
4 59 444
5 59 444
6 59 444
7 59 444
8 59 444
9 59 444
10 59 444
11 59 444
12 59 443
13 59 444
14 59 444
15 59 444
16 59 444
17 59 444
18 59 444
19 59 444
20 59 444
21 59 444
22 59 444
23 59 444
24 59 444
25 59 444
26 59 444
27 59 444
28 59 444
29 59 444
30 59 444
31 59 444
32 59 444
33 59 444
34 59 444
35 59 444
36 59 444
37 59 444
38 59 444
39 59 444
40 59 444
41 59 444
42 59 444
43 59 444
44 59 444
45 59 444
46 59 444
47 59 443
48 59 444
49 59 444
50 59 444
51 59 444
52 59 444
53 59 444
54 59 444
55 59 444
56 59 444
57 59 444
58 59 444
0 60 444
1 60 444
2 60 444
3 60 444
4 60 444
5 60 444
6 60 444
7 60 444
8 60 444
9 60 444
10 60 444
11 60 444
12 60 444
13 60 444
14 60 444
15 60 444
16 60 444
17 60 444
18 60 444
19 60 444
20 60 444
21 60 444
22 60 444
23 60 444
24 60 444
25 60 444
26 60 444
27 60 444
28 60 444
29 60 444
30 60 444
31 60 444
32 60 444
33 60 444
34 60 444
35 60 444
36 60 444
37 60 444
38 60 444
39 60 444
40 60 444
41 60 444
42 60 444
43 60 444
44 60 444
45 60 444
46 60 444
47 60 444
48 60 444
49 60 444
50 60 444
51 60 444
52 60 444
53 60 444
54 60 444
55 60 444
56 60 444
57 60 444
58 60 444
59 60 444
0 61 444
1 61 444
2 61 444
3 61 444
4 61 444
5 61 444
6 61 444
7 61 444
8 61 444
9 61 444
10 61 444
11 61 444
12 61 444
13 61 444
14 61 444
15 61 444
16 61 444
17 61 444
18 61 444
19 61 444
20 61 444
21 61 444
22 61 444
23 61 444
24 61 444
25 61 444
26 61 444
27 61 444
28 61 444
29 61 444
30 61 444
31 61 444
32 61 444
33 61 444
34 61 444
35 61 444
36 61 444
37 61 444
38 61 444
39 61 444
40 61 444
41 61 444
42 61 444
43 61 444
44 61 444
45 61 444
46 61 444
47 61 444
48 61 444
49 61 444
50 61 444
51 61 444
52 61 444
53 61 444
54 61 444
55 61 444
56 61 444
57 61 444
58 61 444
59 61 444
60 61 444
0 62 444
1 62 444
2 62 444
3 62 444
4 62 444
5 62 444
6 62 444
7 62 444
8 62 444
9 62 444
10 62 444
11 62 444
12 62 444
13 62 444
14 62 444
15 62 444
16 62 444
17 62 444
18 62 444
19 62 444
20 62 444
21 62 444
22 62 444
23 62 444
24 62 444
25 62 444
26 62 444
27 62 444
28 62 444
29 62 444
30 62 444
31 62 444
32 62 444
33 62 444
34 62 444
35 62 444
36 62 444
37 62 444
38 62 444
39 62 444
40 62 444
41 62 444
42 62 444
43 62 444
44 62 444
45 62 444
46 62 444
47 62 444
48 62 444
49 62 444
50 62 444
51 62 444
52 62 444
53 62 444
54 62 444
55 62 443
56 62 444
57 62 444
58 62 444
59 62 444
60 62 444
61 62 444
0 63 444
1 63 444
2 63 444
3 63 444
4 63 444
5 63 444
6 63 444
7 63 444
8 63 444
9 63 444
10 63 444
11 63 444
12 63 444
13 63 444
14 63 444
15 63 444
16 63 444
17 63 444
18 63 444
19 63 444
20 63 444
21 63 444
22 63 444
23 63 444
24 63 444
25 63 444
26 63 444
27 63 444
28 63 444
29 63 444
30 63 444
31 63 444
32 63 444
33 63 444
34 63 444
35 63 444
36 63 444
37 63 444
38 63 444
39 63 444
40 63 444
41 63 444
42 63 444
43 63 444
44 63 444
45 63 444
46 63 444
47 63 444
48 63 444
49 63 444
50 63 444
51 63 444
52 63 444
53 63 444
54 63 444
55 63 444
56 63 444
57 63 444
58 63 444
59 63 444
60 63 444
61 63 444
62 63 444
0 64 444
1 64 444
2 64 444
3 64 444
4 64 444
5 64 444
6 64 444
7 64 444
8 64 444
9 64 444
10 64 444
11 64 444
12 64 444
13 64 444
14 64 444
15 64 444
16 64 444
17 64 444
18 64 444
19 64 444
20 64 444
21 64 444
22 64 444
23 64 444
24 64 444
25 64 444
26 64 444
27 64 444
28 64 444
29 64 444
30 64 444
31 64 444
32 64 444
33 64 444
34 64 444
35 64 444
36 64 444
37 64 444
38 64 444
39 64 444
40 64 444
41 64 444
42 64 444
43 64 444
44 64 444
45 64 444
46 64 444
47 64 444
48 64 444
49 64 444
50 64 444
51 64 444
52 64 444
53 64 444
54 64 444
55 64 444
56 64 444
57 64 444
58 64 444
59 64 444
60 64 444
61 64 444
62 64 444
63 64 444
0 65 444
1 65 444
2 65 444
3 65 444
4 65 444
5 65 444
6 65 444
7 65 444
8 65 444
9 65 444
10 65 444
11 65 444
12 65 444
13 65 444
14 65 444
15 65 444
16 65 444
17 65 444
18 65 444
19 65 444
20 65 444
21 65 444
22 65 444
23 65 444
24 65 444
25 65 444
26 65 444
27 65 444
28 65 444
29 65 444
30 65 444
31 65 444
32 65 444
33 65 444
34 65 444
35 65 444
36 65 444
37 65 444
38 65 444
39 65 444
40 65 444
41 65 444
42 65 444
43 65 444
44 65 444
45 65 444
46 65 444
47 65 444
48 65 444
49 65 444
50 65 444
51 65 444
52 65 444
53 65 444
54 65 444
55 65 444
56 65 444
57 65 444
58 65 444
59 65 444
60 65 444
61 65 444
62 65 444
63 65 444
64 65 444
0 66 444
1 66 444
2 66 444
3 66 444
4 66 444
5 66 444
6 66 444
7 66 444
8 66 444
9 66 444
10 66 444
11 66 444
12 66 444
13 66 444
14 66 444
15 66 444
16 66 444
17 66 444
18 66 444
19 66 444
20 66 444
21 66 444
22 66 444
23 66 444
24 66 444
25 66 444
26 66 444
27 66 444
28 66 444
29 66 444
30 66 444
31 66 444
32 66 444
33 66 444
34 66 444
35 66 444
36 66 444
37 66 444
38 66 444
39 66 444
40 66 444
41 66 444
42 66 444
43 66 444
44 66 444
45 66 444
46 66 444
47 66 444
48 66 444
49 66 444
50 66 444
51 66 444
52 66 444
53 66 444
54 66 444
55 66 444
56 66 444
57 66 444
58 66 444
59 66 444
60 66 444
61 66 444
62 66 444
63 66 444
64 66 444
65 66 444
0 67 444
1 67 444
2 67 444
3 67 444
4 67 444
5 67 444
6 67 444
7 67 444
8 67 444
9 67 444
10 67 444
11 67 444
12 67 444
13 67 444
14 67 444
15 67 444
16 67 444
17 67 444
18 67 444
19 67 444
20 67 444
21 67 444
22 67 444
23 67 444
24 67 444
25 67 444
26 67 444
27 67 444
28 67 444
29 67 444
30 67 444
31 67 444
32 67 444
33 67 444
34 67 444
35 67 444
36 67 444
37 67 444
38 67 444
39 67 444
40 67 444
41 67 444
42 67 444
43 67 444
44 67 444
45 67 444
46 67 444
47 67 444
48 67 444
49 67 444
50 67 444
51 67 444
52 67 444
53 67 444
54 67 444
55 67 444
56 67 444
57 67 444
58 67 444
59 67 444
60 67 444
61 67 444
62 67 444
63 67 444
64 67 444
65 67 444
66 67 444
0 68 444
1 68 444
2 68 444
3 68 444
4 68 444
5 68 444
6 68 444
7 68 444
8 68 444
9 68 444
10 68 444
11 68 444
12 68 444
13 68 444
14 68 444
15 68 444
16 68 444
17 68 444
18 68 444
19 68 444
20 68 444
21 68 444
22 68 444
23 68 444
24 68 444
25 68 444
26 68 444
27 68 444
28 68 444
29 68 444
30 68 444
31 68 444
32 68 444
33 68 444
34 68 444
35 68 444
36 68 444
37 68 444
38 68 444
39 68 444
40 68 444
41 68 444
42 68 444
43 68 444
44 68 444
45 68 444
46 68 444
47 68 444
48 68 444
49 68 444
50 68 444
51 68 444
52 68 444
53 68 444
54 68 444
55 68 444
56 68 444
57 68 444
58 68 444
59 68 444
60 68 444
61 68 444
62 68 444
63 68 444
64 68 444
65 68 444
66 68 444
67 68 444
0 69 444
1 69 444
2 69 444
3 69 444
4 69 444
5 69 444
6 69 444
7 69 444
8 69 444
9 69 444
10 69 444
11 69 444
12 69 444
13 69 444
14 69 444
15 69 444
16 69 444
17 69 444
18 69 444
19 69 444
20 69 444
21 69 444
22 69 444
23 69 444
24 69 444
25 69 444
26 69 444
27 69 444
28 69 444
29 69 444
30 69 444
31 69 444
32 69 444
33 69 444
34 69 444
35 69 444
36 69 444
37 69 444
38 69 444
39 69 444
40 69 444
41 69 444
42 69 444
43 69 444
44 69 444
45 69 444
46 69 444
47 69 444
48 69 444
49 69 444
50 69 444
51 69 444
52 69 444
53 69 444
54 69 444
55 69 444
56 69 444
57 69 444
58 69 444
59 69 444
60 69 444
61 69 444
62 69 444
63 69 444
64 69 444
65 69 444
66 69 444
67 69 444
68 69 444
0 70 444
1 70 444
2 70 444
3 70 444
4 70 444
5 70 444
6 70 444
7 70 444
8 70 444
9 70 444
10 70 444
11 70 444
12 70 444
13 70 444
14 70 444
15 70 444
16 70 444
17 70 444
18 70 444
19 70 444
20 70 444
21 70 444
22 70 444
23 70 444
24 70 444
25 70 444
26 70 444
27 70 444
28 70 444
29 70 444
30 70 444
31 70 444
32 70 444
33 70 444
34 70 444
35 70 444
36 70 444
37 70 444
38 70 444
39 70 444
40 70 444
41 70 444
42 70 444
43 70 444
44 70 444
45 70 444
46 70 444
47 70 444
48 70 444
49 70 444
50 70 444
51 70 444
52 70 444
53 70 444
54 70 444
55 70 444
56 70 444
57 70 444
58 70 444
59 70 444
60 70 444
61 70 444
62 70 444
63 70 444
64 70 444
65 70 444
66 70 444
67 70 444
68 70 444
69 70 444
0 71 444
1 71 444
2 71 444
3 71 444
4 71 444
5 71 444
6 71 444
7 71 444
8 71 444
9 71 444
10 71 444
11 71 444
12 71 444
13 71 444
14 71 444
15 71 444
16 71 444
17 71 444
18 71 444
19 71 444
20 71 444
21 71 444
22 71 444
23 71 444
24 71 444
25 71 444
26 71 444
27 71 444
28 71 444
29 71 444
30 71 444
31 71 444
32 71 444
33 71 444
34 71 444
35 71 444
36 71 444
37 71 444
38 71 444
39 71 444
40 71 444
41 71 444
42 71 444
43 71 444
44 71 444
45 71 444
46 71 444
47 71 444
48 71 444
49 71 444
50 71 444
51 71 444
52 71 444
53 71 444
54 71 444
55 71 444
56 71 444
57 71 444
58 71 444
59 71 444
60 71 444
61 71 444
62 71 444
63 71 444
64 71 444
65 71 444
66 71 444
67 71 444
68 71 444
69 71 444
70 71 444
0 72 444
1 72 444
2 72 444
3 72 444
4 72 444
5 72 444
6 72 444
7 72 444
8 72 444
9 72 444
10 72 444
11 72 444
12 72 444
13 72 444
14 72 444
15 72 444
16 72 444
17 72 444
18 72 444
19 72 444
20 72 444
21 72 444
22 72 444
23 72 444
24 72 444
25 72 444
26 72 444
27 72 444
28 72 444
29 72 444
30 72 444
31 72 444
32 72 444
33 72 444
34 72 444
35 72 444
36 72 444
37 72 444
38 72 444
39 72 444
40 72 444
41 72 444
42 72 444
43 72 444
44 72 444
45 72 444
46 72 444
47 72 444
48 72 444
49 72 444
50 72 444
51 72 444
52 72 444
53 72 444
54 72 444
55 72 444
56 72 444
57 72 444
58 72 444
59 72 444
60 72 444
61 72 444
62 72 444
63 72 444
64 72 444
65 72 444
66 72 444
67 72 444
68 72 444
69 72 444
70 72 444
71 72 444
0 73 444
1 73 444
2 73 444
3 73 444
4 73 444
5 73 444
6 73 444
7 73 444
8 73 444
9 73 444
10 73 444
11 73 444
12 73 444
13 73 444
14 73 444
15 73 444
16 73 444
17 73 444
18 73 444
19 73 444
20 73 444
21 73 444
22 73 444
23 73 444
24 73 444
25 73 444
26 73 444
27 73 444
28 73 444
29 73 444
30 73 444
31 73 444
32 73 444
33 73 444
34 73 444
35 73 444
36 73 444
37 73 444
38 73 444
39 73 444
40 73 444
41 73 444
42 73 444
43 73 444
44 73 444
45 73 444
46 73 444
47 73 444
48 73 444
49 73 444
50 73 444
51 73 444
52 73 444
53 73 444
54 73 444
55 73 444
56 73 444
57 73 444
58 73 444
59 73 444
60 73 444
61 73 444
62 73 444
63 73 444
64 73 444
65 73 444
66 73 444
67 73 444
68 73 444
69 73 444
70 73 444
71 73 444
72 73 444
0 74 444
1 74 444
2 74 444
3 74 444
4 74 444
5 74 444
6 74 444
7 74 444
8 74 444
9 74 444
10 74 444
11 74 444
12 74 444
13 74 444
14 74 444
15 74 444
16 74 444
17 74 444
18 74 444
19 74 444
20 74 444
21 74 444
22 74 444
23 74 444
24 74 444
25 74 444
26 74 444
27 74 444
28 74 444
29 74 444
30 74 444
31 74 444
32 74 444
33 74 444
34 74 444
35 74 444
36 74 444
37 74 444
38 74 444
39 74 444
40 74 444
41 74 444
42 74 444
43 74 444
44 74 444
45 74 444
46 74 444
47 74 444
48 74 444
49 74 444
50 74 444
51 74 444
52 74 444
53 74 444
54 74 444
55 74 444
56 74 444
57 74 444
58 74 444
59 74 444
60 74 444
61 74 444
62 74 444
63 74 444
64 74 444
65 74 444
66 74 444
67 74 444
68 74 444
69 74 444
70 74 444
71 74 444
72 74 444
73 74 444
0 75 444
1 75 444
2 75 444
3 75 444
4 75 444
5 75 444
6 75 444
7 75 444
8 75 444
9 75 444
10 75 444
11 75 444
12 75 444
13 75 444
14 75 444
15 75 444
16 75 444
17 75 444
18 75 444
19 75 444
20 75 444
21 75 444
22 75 444
23 75 444
24 75 444
25 75 444
26 75 444
27 75 444
28 75 444
29 75 444
30 75 444
31 75 444
32 75 444
33 75 444
34 75 444
35 75 444
36 75 444
37 75 444
38 75 444
39 75 444
40 75 444
41 75 444
42 75 444
43 75 444
44 75 444
45 75 444
46 75 444
47 75 444
48 75 444
49 75 444
50 75 444
51 75 444
52 75 444
53 75 444
54 75 444
55 75 444
56 75 444
57 75 444
58 75 444
59 75 444
60 75 444
61 75 444
62 75 444
63 75 444
64 75 444
65 75 444
66 75 444
67 75 444
68 75 444
69 75 444
70 75 444
71 75 444
72 75 444
73 75 444
74 75 444
0 76 444
1 76 444
2 76 444
3 76 444
4 76 444
5 76 444
6 76 444
7 76 444
8 76 444
9 76 444
10 76 444
11 76 444
12 76 444
13 76 444
14 76 444
15 76 444
16 76 444
17 76 444
18 76 444
19 76 444
20 76 444
21 76 444
22 76 444
23 76 444
24 76 444
25 76 444
26 76 444
27 76 444
28 76 444
29 76 444
30 76 444
31 76 444
32 76 444
33 76 444
34 76 444
35 76 444
36 76 444
37 76 444
38 76 444
39 76 444
40 76 444
41 76 444
42 76 444
43 76 444
44 76 444
45 76 444
46 76 444
47 76 444
48 76 444
49 76 444
50 76 444
51 76 444
52 76 444
53 76 444
54 76 444
55 76 444
56 76 444
57 76 444
58 76 444
59 76 444
60 76 444
61 76 444
62 76 444
63 76 444
64 76 444
65 76 444
66 76 444
67 76 444
68 76 444
69 76 444
70 76 444
71 76 444
72 76 444
73 76 444
74 76 444
75 76 444
0 77 444
1 77 444
2 77 444
3 77 444
4 77 444
5 77 444
6 77 444
7 77 444
8 77 444
9 77 444
10 77 444
11 77 444
12 77 444
13 77 444
14 77 444
15 77 444
16 77 444
17 77 444
18 77 444
19 77 444
20 77 444
21 77 444
22 77 444
23 77 444
24 77 444
25 77 444
26 77 444
27 77 444
28 77 444
29 77 444
30 77 444
31 77 444
32 77 444
33 77 444
34 77 444
35 77 444
36 77 444
37 77 444
38 77 444
39 77 444
40 77 444
41 77 444
42 77 444
43 77 444
44 77 444
45 77 444
46 77 444
47 77 444
48 77 444
49 77 444
50 77 444
51 77 444
52 77 444
53 77 444
54 77 444
55 77 444
56 77 444
57 77 444
58 77 444
59 77 444
60 77 444
61 77 444
62 77 444
63 77 444
64 77 444
65 77 444
66 77 444
67 77 444
68 77 444
69 77 444
70 77 444
71 77 444
72 77 444
73 77 444
74 77 444
75 77 444
76 77 444
0 78 444
1 78 444
2 78 444
3 78 444
4 78 444
5 78 444
6 78 444
7 78 444
8 78 444
9 78 444
10 78 444
11 78 444
12 78 444
13 78 444
14 78 444
15 78 444
16 78 444
17 78 444
18 78 444
19 78 444
20 78 444
21 78 444
22 78 444
23 78 444
24 78 444
25 78 444
26 78 444
27 78 444
28 78 444
29 78 444
30 78 444
31 78 444
32 78 444
33 78 444
34 78 444
35 78 444
36 78 444
37 78 444
38 78 444
39 78 444
40 78 444
41 78 444
42 78 444
43 78 444
44 78 444
45 78 444
46 78 444
47 78 444
48 78 444
49 78 444
50 78 444
51 78 444
52 78 444
53 78 444
54 78 444
55 78 444
56 78 444
57 78 444
58 78 444
59 78 444
60 78 444
61 78 444
62 78 444
63 78 444
64 78 444
65 78 444
66 78 444
67 78 444
68 78 444
69 78 444
70 78 444
71 78 444
72 78 444
73 78 444
74 78 444
75 78 444
76 78 444
77 78 444
0 79 444
1 79 444
2 79 444
3 79 444
4 79 444
5 79 444
6 79 444
7 79 444
8 79 444
9 79 444
10 79 444
11 79 444
12 79 444
13 79 444
14 79 444
15 79 444
16 79 444
17 79 444
18 79 444
19 79 444
20 79 444
21 79 444
22 79 444
23 79 444
24 79 444
25 79 444
26 79 444
27 79 444
28 79 444
29 79 444
30 79 444
31 79 444
32 79 444
33 79 444
34 79 444
35 79 444
36 79 444
37 79 444
38 79 444
39 79 444
40 79 444
41 79 444
42 79 444
43 79 444
44 79 444
45 79 444
46 79 444
47 79 444
48 79 444
49 79 444
50 79 444
51 79 444
52 79 444
53 79 444
54 79 444
55 79 444
56 79 444
57 79 444
58 79 444
59 79 444
60 79 444
61 79 444
62 79 444
63 79 444
64 79 444
65 79 444
66 79 444
67 79 444
68 79 444
69 79 444
70 79 444
71 79 444
72 79 444
73 79 444
74 79 444
75 79 444
76 79 444
77 79 444
78 79 444
0 80 444
1 80 444
2 80 444
3 80 444
4 80 444
5 80 444
6 80 444
7 80 444
8 80 444
9 80 444
10 80 444
11 80 444
12 80 444
13 80 444
14 80 444
15 80 444
16 80 444
17 80 444
18 80 444
19 80 444
20 80 444
21 80 444
22 80 444
23 80 444
24 80 444
25 80 444
26 80 444
27 80 444
28 80 444
29 80 444
30 80 444
31 80 444
32 80 444
33 80 444
34 80 444
35 80 444
36 80 444
37 80 444
38 80 444
39 80 444
40 80 444
41 80 444
42 80 444
43 80 444
44 80 444
45 80 444
46 80 444
47 80 444
48 80 444
49 80 444
50 80 444
51 80 444
52 80 444
53 80 444
54 80 444
55 80 444
56 80 444
57 80 444
58 80 444
59 80 444
60 80 444
61 80 444
62 80 444
63 80 444
64 80 444
65 80 444
66 80 444
67 80 444
68 80 444
69 80 444
70 80 444
71 80 444
72 80 444
73 80 444
74 80 444
75 80 444
76 80 444
77 80 444
78 80 444
79 80 444
0 81 444
1 81 444
2 81 444
3 81 444
4 81 444
5 81 444
6 81 444
7 81 444
8 81 444
9 81 444
10 81 444
11 81 444
12 81 444
13 81 444
14 81 444
15 81 444
16 81 444
17 81 444
18 81 444
19 81 444
20 81 444
21 81 444
22 81 444
23 81 444
24 81 444
25 81 444
26 81 444
27 81 444
28 81 444
29 81 444
30 81 444
31 81 444
32 81 444
33 81 444
34 81 444
35 81 444
36 81 444
37 81 444
38 81 444
39 81 444
40 81 444
41 81 444
42 81 444
43 81 444
44 81 444
45 81 444
46 81 444
47 81 444
48 81 444
49 81 444
50 81 444
51 81 444
52 81 444
53 81 444
54 81 444
55 81 444
56 81 444
57 81 444
58 81 444
59 81 444
60 81 444
61 81 444
62 81 444
63 81 444
64 81 444
65 81 444
66 81 444
67 81 444
68 81 444
69 81 444
70 81 444
71 81 444
72 81 444
73 81 444
74 81 444
75 81 444
76 81 444
77 81 444
78 81 444
79 81 444
80 81 444
0 82 444
1 82 444
2 82 444
3 82 444
4 82 444
5 82 444
6 82 444
7 82 444
8 82 444
9 82 444
10 82 444
11 82 444
12 82 444
13 82 444
14 82 444
15 82 444
16 82 444
17 82 444
18 82 444
19 82 444
20 82 444
21 82 444
22 82 444
23 82 444
24 82 444
25 82 444
26 82 444
27 82 444
28 82 444
29 82 444
30 82 444
31 82 444
32 82 444
33 82 444
34 82 444
35 82 444
36 82 444
37 82 444
38 82 444
39 82 444
40 82 444
41 82 444
42 82 444
43 82 444
44 82 444
45 82 444
46 82 444
47 82 444
48 82 444
49 82 444
50 82 444
51 82 444
52 82 444
53 82 444
54 82 444
55 82 444
56 82 444
57 82 444
58 82 444
59 82 444
60 82 444
61 82 444
62 82 444
63 82 444
64 82 444
65 82 444
66 82 444
67 82 444
68 82 444
69 82 444
70 82 444
71 82 444
72 82 444
73 82 444
74 82 444
75 82 444
76 82 444
77 82 444
78 82 444
79 82 444
80 82 444
81 82 444
0 83 444
1 83 444
2 83 444
3 83 444
4 83 444
5 83 444
6 83 444
7 83 444
8 83 444
9 83 444
10 83 444
11 83 444
12 83 444
13 83 444
14 83 444
15 83 444
16 83 444
17 83 444
18 83 444
19 83 444
20 83 444
21 83 444
22 83 444
23 83 444
24 83 444
25 83 444
26 83 444
27 83 444
28 83 444
29 83 444
30 83 444
31 83 444
32 83 444
33 83 444
34 83 444
35 83 444
36 83 444
37 83 444
38 83 444
39 83 444
40 83 444
41 83 444
42 83 444
43 83 444
44 83 444
45 83 444
46 83 444
47 83 444
48 83 444
49 83 444
50 83 444
51 83 444
52 83 444
53 83 444
54 83 444
55 83 444
56 83 444
57 83 444
58 83 444
59 83 444
60 83 444
61 83 444
62 83 444
63 83 444
64 83 444
65 83 444
66 83 444
67 83 444
68 83 444
69 83 444
70 83 444
71 83 444
72 83 444
73 83 444
74 83 444
75 83 444
76 83 444
77 83 444
78 83 444
79 83 444
80 83 444
81 83 444
82 83 444
0 84 444
1 84 444
2 84 444
3 84 444
4 84 444
5 84 444
6 84 444
7 84 444
8 84 444
9 84 444
10 84 444
11 84 444
12 84 444
13 84 444
14 84 444
15 84 444
16 84 444
17 84 444
18 84 444
19 84 444
20 84 444
21 84 444
22 84 444
23 84 444
24 84 444
25 84 444
26 84 444
27 84 444
28 84 444
29 84 444
30 84 444
31 84 444
32 84 444
33 84 444
34 84 444
35 84 444
36 84 444
37 84 444
38 84 444
39 84 444
40 84 444
41 84 444
42 84 444
43 84 444
44 84 444
45 84 444
46 84 444
47 84 444
48 84 444
49 84 444
50 84 444
51 84 444
52 84 444
53 84 444
54 84 444
55 84 444
56 84 444
57 84 444
58 84 444
59 84 444
60 84 444
61 84 444
62 84 444
63 84 444
64 84 444
65 84 444
66 84 444
67 84 444
68 84 444
69 84 444
70 84 444
71 84 444
72 84 444
73 84 444
74 84 444
75 84 444
76 84 444
77 84 444
78 84 444
79 84 444
80 84 444
81 84 444
82 84 444
83 84 444
0 85 444
1 85 444
2 85 444
3 85 444
4 85 444
5 85 444
6 85 444
7 85 444
8 85 444
9 85 444
10 85 444
11 85 444
12 85 444
13 85 444
14 85 444
15 85 444
16 85 444
17 85 444
18 85 444
19 85 444
20 85 444
21 85 444
22 85 444
23 85 444
24 85 444
25 85 444
26 85 444
27 85 444
28 85 444
29 85 444
30 85 444
31 85 444
32 85 444
33 85 444
34 85 444
35 85 444
36 85 444
37 85 444
38 85 444
39 85 444
40 85 444
41 85 444
42 85 444
43 85 444
44 85 444
45 85 444
46 85 444
47 85 444
48 85 444
49 85 444
50 85 444
51 85 444
52 85 444
53 85 444
54 85 444
55 85 444
56 85 444
57 85 444
58 85 444
59 85 444
60 85 444
61 85 444
62 85 444
63 85 444
64 85 444
65 85 444
66 85 444
67 85 444
68 85 444
69 85 444
70 85 444
71 85 444
72 85 444
73 85 444
74 85 444
75 85 444
76 85 444
77 85 444
78 85 444
79 85 444
80 85 444
81 85 444
82 85 444
83 85 444
84 85 444
0 86 444
1 86 444
2 86 444
3 86 444
4 86 444
5 86 444
6 86 444
7 86 444
8 86 444
9 86 444
10 86 444
11 86 444
12 86 444
13 86 444
14 86 444
15 86 444
16 86 444
17 86 444
18 86 444
19 86 444
20 86 444
21 86 444
22 86 444
23 86 444
24 86 444
25 86 444
26 86 444
27 86 444
28 86 444
29 86 444
30 86 444
31 86 444
32 86 444
33 86 444
34 86 444
35 86 444
36 86 444
37 86 444
38 86 444
39 86 444
40 86 444
41 86 444
42 86 444
43 86 444
44 86 444
45 86 444
46 86 444
47 86 444
48 86 444
49 86 444
50 86 444
51 86 444
52 86 444
53 86 444
54 86 444
55 86 444
56 86 444
57 86 444
58 86 444
59 86 444
60 86 444
61 86 444
62 86 444
63 86 444
64 86 444
65 86 444
66 86 444
67 86 444
68 86 444
69 86 444
70 86 444
71 86 444
72 86 444
73 86 444
74 86 444
75 86 444
76 86 444
77 86 444
78 86 444
79 86 444
80 86 444
81 86 444
82 86 444
83 86 444
84 86 444
85 86 444
0 87 444
1 87 444
2 87 444
3 87 444
4 87 444
5 87 444
6 87 444
7 87 444
8 87 444
9 87 444
10 87 444
11 87 444
12 87 444
13 87 444
14 87 444
15 87 444
16 87 444
17 87 444
18 87 444
19 87 444
20 87 444
21 87 444
22 87 444
23 87 444
24 87 444
25 87 444
26 87 444
27 87 444
28 87 444
29 87 444
30 87 444
31 87 444
32 87 444
33 87 444
34 87 444
35 87 444
36 87 444
37 87 444
38 87 444
39 87 444
40 87 444
41 87 444
42 87 444
43 87 444
44 87 444
45 87 444
46 87 444
47 87 444
48 87 444
49 87 444
50 87 444
51 87 444
52 87 444
53 87 444
54 87 444
55 87 444
56 87 444
57 87 444
58 87 444
59 87 444
60 87 444
61 87 444
62 87 444
63 87 444
64 87 444
65 87 444
66 87 444
67 87 444
68 87 444
69 87 444
70 87 444
71 87 444
72 87 444
73 87 444
74 87 444
75 87 444
76 87 444
77 87 444
78 87 444
79 87 444
80 87 444
81 87 444
82 87 444
83 87 444
84 87 444
85 87 444
86 87 444
0 88 444
1 88 444
2 88 444
3 88 444
4 88 444
5 88 444
6 88 444
7 88 444
8 88 444
9 88 444
10 88 444
11 88 444
12 88 444
13 88 444
14 88 444
15 88 444
16 88 444
17 88 444
18 88 444
19 88 444
20 88 444
21 88 444
22 88 444
23 88 444
24 88 444
25 88 444
26 88 444
27 88 444
28 88 444
29 88 444
30 88 444
31 88 444
32 88 444
33 88 444
34 88 444
35 88 444
36 88 444
37 88 444
38 88 444
39 88 444
40 88 444
41 88 444
42 88 444
43 88 444
44 88 444
45 88 444
46 88 444
47 88 444
48 88 444
49 88 444
50 88 444
51 88 444
52 88 444
53 88 444
54 88 444
55 88 444
56 88 444
57 88 444
58 88 444
59 88 444
60 88 444
61 88 444
62 88 444
63 88 444
64 88 444
65 88 444
66 88 444
67 88 444
68 88 444
69 88 444
70 88 444
71 88 444
72 88 444
73 88 444
74 88 444
75 88 444
76 88 444
77 88 444
78 88 444
79 88 444
80 88 444
81 88 444
82 88 444
83 88 444
84 88 444
85 88 444
86 88 444
87 88 444
0 89 444
1 89 444
2 89 444
3 89 444
4 89 444
5 89 444
6 89 444
7 89 444
8 89 444
9 89 444
10 89 444
11 89 444
12 89 444
13 89 444
14 89 444
15 89 444
16 89 444
17 89 444
18 89 444
19 89 444
20 89 444
21 89 444
22 89 444
23 89 444
24 89 444
25 89 444
26 89 444
27 89 444
28 89 444
29 89 444
30 89 444
31 89 444
32 89 444
33 89 444
34 89 444
35 89 444
36 89 444
37 89 444
38 89 444
39 89 444
40 89 444
41 89 444
42 89 444
43 89 444
44 89 444
45 89 444
46 89 444
47 89 444
48 89 444
49 89 444
50 89 444
51 89 444
52 89 444
53 89 444
54 89 444
55 89 444
56 89 444
57 89 444
58 89 444
59 89 444
60 89 444
61 89 444
62 89 444
63 89 444
64 89 444
65 89 444
66 89 444
67 89 444
68 89 444
69 89 444
70 89 444
71 89 444
72 89 444
73 89 444
74 89 444
75 89 444
76 89 444
77 89 444
78 89 444
79 89 444
80 89 444
81 89 444
82 89 444
83 89 444
84 89 444
85 89 444
86 89 444
87 89 444
88 89 444
0 90 444
1 90 444
2 90 444
3 90 444
4 90 444
5 90 444
6 90 444
7 90 444
8 90 444
9 90 444
10 90 444
11 90 444
12 90 444
13 90 444
14 90 444
15 90 444
16 90 444
17 90 444
18 90 444
19 90 444
20 90 444
21 90 444
22 90 444
23 90 444
24 90 444
25 90 444
26 90 444
27 90 444
28 90 444
29 90 444
30 90 444
31 90 444
32 90 444
33 90 444
34 90 444
35 90 444
36 90 444
37 90 444
38 90 444
39 90 444
40 90 444
41 90 444
42 90 444
43 90 444
44 90 444
45 90 444
46 90 444
47 90 444
48 90 444
49 90 444
50 90 444
51 90 444
52 90 444
53 90 444
54 90 444
55 90 444
56 90 444
57 90 444
58 90 444
59 90 444
60 90 444
61 90 444
62 90 444
63 90 444
64 90 444
65 90 444
66 90 444
67 90 444
68 90 444
69 90 444
70 90 444
71 90 444
72 90 444
73 90 444
74 90 444
75 90 444
76 90 444
77 90 444
78 90 444
79 90 444
80 90 444
81 90 444
82 90 444
83 90 444
84 90 444
85 90 444
86 90 444
87 90 444
88 90 444
89 90 444
0 91 444
1 91 444
2 91 444
3 91 444
4 91 444
5 91 444
6 91 444
7 91 444
8 91 444
9 91 444
10 91 444
11 91 444
12 91 444
13 91 444
14 91 444
15 91 444
16 91 444
17 91 444
18 91 444
19 91 444
20 91 444
21 91 444
22 91 444
23 91 444
24 91 444
25 91 444
26 91 444
27 91 444
28 91 444
29 91 444
30 91 444
31 91 444
32 91 444
33 91 444
34 91 444
35 91 444
36 91 444
37 91 444
38 91 444
39 91 444
40 91 444
41 91 444
42 91 444
43 91 444
44 91 444
45 91 444
46 91 444
47 91 444
48 91 444
49 91 444
50 91 444
51 91 444
52 91 444
53 91 444
54 91 444
55 91 444
56 91 444
57 91 444
58 91 444
59 91 444
60 91 444
61 91 444
62 91 444
63 91 444
64 91 444
65 91 444
66 91 444
67 91 444
68 91 444
69 91 444
70 91 444
71 91 444
72 91 444
73 91 444
74 91 444
75 91 444
76 91 444
77 91 444
78 91 444
79 91 444
80 91 444
81 91 444
82 91 444
83 91 444
84 91 444
85 91 444
86 91 444
87 91 444
88 91 444
89 91 444
90 91 444
0 92 444
1 92 444
2 92 444
3 92 444
4 92 444
5 92 444
6 92 444
7 92 444
8 92 444
9 92 444
10 92 444
11 92 444
12 92 444
13 92 444
14 92 444
15 92 444
16 92 444
17 92 444
18 92 444
19 92 444
20 92 444
21 92 444
22 92 444
23 92 444
24 92 444
25 92 444
26 92 444
27 92 444
28 92 444
29 92 444
30 92 444
31 92 444
32 92 444
33 92 444
34 92 444
35 92 444
36 92 444
37 92 444
38 92 444
39 92 444
40 92 444
41 92 444
42 92 444
43 92 444
44 92 444
45 92 444
46 92 444
47 92 444
48 92 444
49 92 444
50 92 444
51 92 444
52 92 444
53 92 444
54 92 444
55 92 444
56 92 444
57 92 444
58 92 444
59 92 444
60 92 444
61 92 444
62 92 444
63 92 444
64 92 444
65 92 444
66 92 444
67 92 444
68 92 444
69 92 444
70 92 444
71 92 444
72 92 444
73 92 444
74 92 444
75 92 444
76 92 444
77 92 444
78 92 444
79 92 444
80 92 444
81 92 444
82 92 444
83 92 444
84 92 444
85 92 444
86 92 444
87 92 444
88 92 444
89 92 444
90 92 444
91 92 444
0 93 444
1 93 444
2 93 444
3 93 444
4 93 444
5 93 444
6 93 444
7 93 444
8 93 444
9 93 444
10 93 444
11 93 444
12 93 444
13 93 444
14 93 444
15 93 444
16 93 444
17 93 444
18 93 444
19 93 444
20 93 444
21 93 444
22 93 444
23 93 444
24 93 444
25 93 444
26 93 444
27 93 444
28 93 444
29 93 444
30 93 444
31 93 444
32 93 444
33 93 444
34 93 444
35 93 444
36 93 444
37 93 444
38 93 444
39 93 444
40 93 444
41 93 444
42 93 444
43 93 444
44 93 444
45 93 444
46 93 444
47 93 444
48 93 444
49 93 444
50 93 444
51 93 444
52 93 444
53 93 444
54 93 444
55 93 444
56 93 444
57 93 444
58 93 444
59 93 444
60 93 444
61 93 444
62 93 444
63 93 444
64 93 444
65 93 444
66 93 444
67 93 444
68 93 444
69 93 444
70 93 444
71 93 444
72 93 444
73 93 444
74 93 444
75 93 444
76 93 444
77 93 444
78 93 444
79 93 444
80 93 444
81 93 444
82 93 444
83 93 444
84 93 444
85 93 444
86 93 444
87 93 444
88 93 444
89 93 444
90 93 444
91 93 444
92 93 444
0 94 444
1 94 444
2 94 444
3 94 444
4 94 444
5 94 444
6 94 444
7 94 444
8 94 444
9 94 444
10 94 444
11 94 444
12 94 444
13 94 444
14 94 444
15 94 444
16 94 444
17 94 444
18 94 444
19 94 444
20 94 444
21 94 444
22 94 444
23 94 444
24 94 444
25 94 444
26 94 444
27 94 444
28 94 444
29 94 444
30 94 444
31 94 444
32 94 444
33 94 444
34 94 444
35 94 444
36 94 444
37 94 444
38 94 444
39 94 444
40 94 444
41 94 444
42 94 444
43 94 444
44 94 444
45 94 444
46 94 444
47 94 444
48 94 444
49 94 444
50 94 444
51 94 444
52 94 444
53 94 444
54 94 444
55 94 444
56 94 444
57 94 444
58 94 444
59 94 444
60 94 444
61 94 444
62 94 444
63 94 444
64 94 444
65 94 444
66 94 444
67 94 444
68 94 444
69 94 444
70 94 444
71 94 444
72 94 444
73 94 444
74 94 444
75 94 444
76 94 444
77 94 444
78 94 444
79 94 444
80 94 444
81 94 444
82 94 444
83 94 444
84 94 444
85 94 444
86 94 444
87 94 444
88 94 444
89 94 444
90 94 444
91 94 444
92 94 444
93 94 444
0 95 444
1 95 444
2 95 444
3 95 444
4 95 444
5 95 444
6 95 444
7 95 444
8 95 444
9 95 444
10 95 444
11 95 444
12 95 444
13 95 444
14 95 444
15 95 444
16 95 444
17 95 444
18 95 444
19 95 444
20 95 444
21 95 444
22 95 444
23 95 444
24 95 444
25 95 444
26 95 444
27 95 444
28 95 444
29 95 444
30 95 444
31 95 444
32 95 444
33 95 444
34 95 444
35 95 444
36 95 444
37 95 444
38 95 444
39 95 444
40 95 444
41 95 444
42 95 444
43 95 444
44 95 444
45 95 444
46 95 444
47 95 444
48 95 444
49 95 444
50 95 444
51 95 444
52 95 444
53 95 444
54 95 444
55 95 444
56 95 444
57 95 444
58 95 444
59 95 444
60 95 444
61 95 444
62 95 444
63 95 444
64 95 444
65 95 444
66 95 444
67 95 444
68 95 444
69 95 444
70 95 444
71 95 444
72 95 444
73 95 444
74 95 444
75 95 444
76 95 444
77 95 444
78 95 444
79 95 444
80 95 444
81 95 444
82 95 444
83 95 444
84 95 444
85 95 444
86 95 444
87 95 444
88 95 444
89 95 444
90 95 444
91 95 444
92 95 444
93 95 444
94 95 444
0 96 444
1 96 444
2 96 444
3 96 444
4 96 444
5 96 444
6 96 444
7 96 444
8 96 444
9 96 444
10 96 444
11 96 444
12 96 444
13 96 444
14 96 444
15 96 444
16 96 444
17 96 444
18 96 444
19 96 444
20 96 444
21 96 444
22 96 444
23 96 444
24 96 444
25 96 444
26 96 444
27 96 444
28 96 444
29 96 444
30 96 444
31 96 444
32 96 444
33 96 444
34 96 444
35 96 444
36 96 444
37 96 444
38 96 444
39 96 444
40 96 444
41 96 444
42 96 444
43 96 444
44 96 444
45 96 444
46 96 444
47 96 444
48 96 444
49 96 444
50 96 444
51 96 444
52 96 444
53 96 444
54 96 444
55 96 444
56 96 444
57 96 444
58 96 444
59 96 444
60 96 444
61 96 444
62 96 444
63 96 444
64 96 444
65 96 444
66 96 444
67 96 444
68 96 444
69 96 444
70 96 444
71 96 444
72 96 444
73 96 444
74 96 444
75 96 444
76 96 444
77 96 444
78 96 444
79 96 444
80 96 444
81 96 444
82 96 444
83 96 444
84 96 444
85 96 444
86 96 444
87 96 444
88 96 444
89 96 444
90 96 444
91 96 444
92 96 444
93 96 444
94 96 444
95 96 444
0 97 444
1 97 444
2 97 444
3 97 444
4 97 444
5 97 444
6 97 444
7 97 444
8 97 444
9 97 444
10 97 444
11 97 444
12 97 444
13 97 444
14 97 444
15 97 444
16 97 444
17 97 444
18 97 444
19 97 444
20 97 444
21 97 444
22 97 444
23 97 444
24 97 444
25 97 444
26 97 444
27 97 444
28 97 444
29 97 444
30 97 444
31 97 444
32 97 444
33 97 444
34 97 444
35 97 444
36 97 444
37 97 444
38 97 444
39 97 444
40 97 444
41 97 444
42 97 444
43 97 444
44 97 444
45 97 444
46 97 444
47 97 444
48 97 444
49 97 444
50 97 444
51 97 444
52 97 444
53 97 444
54 97 444
55 97 444
56 97 444
57 97 444
58 97 444
59 97 444
60 97 444
61 97 444
62 97 444
63 97 444
64 97 444
65 97 444
66 97 444
67 97 444
68 97 444
69 97 444
70 97 444
71 97 444
72 97 444
73 97 444
74 97 444
75 97 444
76 97 444
77 97 444
78 97 444
79 97 444
80 97 444
81 97 444
82 97 444
83 97 444
84 97 444
85 97 444
86 97 444
87 97 444
88 97 444
89 97 444
90 97 444
91 97 444
92 97 444
93 97 444
94 97 444
95 97 444
96 97 444
0 98 444
1 98 444
2 98 444
3 98 444
4 98 444
5 98 444
6 98 444
7 98 444
8 98 444
9 98 444
10 98 444
11 98 444
12 98 444
13 98 444
14 98 444
15 98 444
16 98 444
17 98 444
18 98 444
19 98 444
20 98 444
21 98 444
22 98 444
23 98 444
24 98 444
25 98 444
26 98 444
27 98 444
28 98 444
29 98 444
30 98 444
31 98 444
32 98 444
33 98 444
34 98 444
35 98 444
36 98 444
37 98 444
38 98 444
39 98 444
40 98 444
41 98 444
42 98 444
43 98 444
44 98 444
45 98 444
46 98 444
47 98 444
48 98 444
49 98 444
50 98 444
51 98 444
52 98 444
53 98 444
54 98 444
55 98 444
56 98 444
57 98 444
58 98 444
59 98 444
60 98 444
61 98 444
62 98 444
63 98 444
64 98 444
65 98 444
66 98 444
67 98 444
68 98 444
69 98 444
70 98 444
71 98 444
72 98 444
73 98 444
74 98 444
75 98 444
76 98 444
77 98 444
78 98 444
79 98 444
80 98 444
81 98 444
82 98 444
83 98 444
84 98 444
85 98 444
86 98 444
87 98 444
88 98 444
89 98 444
90 98 444
91 98 444
92 98 444
93 98 444
94 98 444
95 98 444
96 98 444
97 98 444
0 99 444
1 99 444
2 99 444
3 99 444
4 99 444
5 99 444
6 99 444
7 99 444
8 99 444
9 99 444
10 99 444
11 99 444
12 99 444
13 99 444
14 99 444
15 99 444
16 99 444
17 99 444
18 99 444
19 99 444
20 99 444
21 99 444
22 99 444
23 99 444
24 99 444
25 99 444
26 99 444
27 99 444
28 99 444
29 99 444
30 99 444
31 99 444
32 99 444
33 99 444
34 99 444
35 99 444
36 99 444
37 99 444
38 99 444
39 99 444
40 99 444
41 99 444
42 99 444
43 99 444
44 99 444
45 99 444
46 99 444
47 99 444
48 99 444
49 99 444
50 99 444
51 99 444
52 99 444
53 99 444
54 99 444
55 99 444
56 99 444
57 99 444
58 99 444
59 99 444
60 99 444
61 99 444
62 99 444
63 99 444
64 99 444
65 99 444
66 99 444
67 99 444
68 99 444
69 99 444
70 99 444
71 99 444
72 99 444
73 99 444
74 99 444
75 99 444
76 99 444
77 99 444
78 99 444
79 99 444
80 99 444
81 99 444
82 99 444
83 99 444
84 99 444
85 99 444
86 99 444
87 99 444
88 99 444
89 99 444
90 99 444
91 99 444
92 99 444
93 99 444
94 99 444
95 99 444
96 99 444
97 99 444
98 99 444
0 100 444
1 100 444
2 100 444
3 100 444
4 100 444
5 100 444
6 100 444
7 100 444
8 100 444
9 100 444
10 100 444
11 100 444
12 100 444
13 100 444
14 100 444
15 100 444
16 100 444
17 100 444
18 100 444
19 100 444
20 100 444
21 100 444
22 100 444
23 100 444
24 100 444
25 100 444
26 100 444
27 100 444
28 100 444
29 100 444
30 100 444
31 100 444
32 100 444
33 100 444
34 100 444
35 100 444
36 100 444
37 100 444
38 100 444
39 100 444
40 100 444
41 100 444
42 100 444
43 100 444
44 100 444
45 100 444
46 100 444
47 100 444
48 100 444
49 100 444
50 100 444
51 100 444
52 100 444
53 100 444
54 100 444
55 100 444
56 100 444
57 100 444
58 100 444
59 100 444
60 100 444
61 100 444
62 100 444
63 100 444
64 100 444
65 100 444
66 100 444
67 100 444
68 100 444
69 100 444
70 100 444
71 100 444
72 100 444
73 100 444
74 100 444
75 100 444
76 100 444
77 100 444
78 100 444
79 100 444
80 100 444
81 100 444
82 100 444
83 100 444
84 100 444
85 100 444
86 100 444
87 100 444
88 100 444
89 100 444
90 100 444
91 100 444
92 100 444
93 100 444
94 100 444
95 100 444
96 100 444
97 100 444
98 100 444
99 100 444
