0 1 112
0 2 111
1 2 111
0 3 111
1 3 111
2 3 111
0 4 111
1 4 111
2 4 111
3 4 112
0 5 112
1 5 111
2 5 111
3 5 112
4 5 112
0 6 112
1 6 111
2 6 112
3 6 111
4 6 111
5 6 111
0 7 111
1 7 112
2 7 111
3 7 112
4 7 111
5 7 111
6 7 112
0 8 111
1 8 111
2 8 111
3 8 111
4 8 111
5 8 111
6 8 111
7 8 111
0 9 112
1 9 111
2 9 112
3 9 111
4 9 111
5 9 111
6 9 112
7 9 111
8 9 112
0 10 111
1 10 111
2 10 111
3 10 111
4 10 111
5 10 111
6 10 111
7 10 111
8 10 111
9 10 111
0 11 111
1 11 112
2 11 112
3 11 111
4 11 112
5 11 112
6 11 112
7 11 112
8 11 111
9 11 111
10 11 111
0 12 111
1 12 112
2 12 111
3 12 111
4 12 112
5 12 111
6 12 111
7 12 111
8 12 111
9 12 111
10 12 112
11 12 112
0 13 111
1 13 111
2 13 111
3 13 111
4 13 111
5 13 111
6 13 111
7 13 111
8 13 111
9 13 111
10 13 111
11 13 112
12 13 111
0 14 111
1 14 111
2 14 111
3 14 112
4 14 111
5 14 111
6 14 112
7 14 111
8 14 111
9 14 111
10 14 111
11 14 111
12 14 112
13 14 111
0 15 111
1 15 111
2 15 111
3 15 111
4 15 111
5 15 111
6 15 112
7 15 111
8 15 111
9 15 111
10 15 111
11 15 111
12 15 112
13 15 112
14 15 111
0 16 111
1 16 111
2 16 112
3 16 111
4 16 111
5 16 111
6 16 112
7 16 111
8 16 112
9 16 112
10 16 111
11 16 111
12 16 112
13 16 112
14 16 111
15 16 112
0 17 112
1 17 111
2 17 112
3 17 111
4 17 111
5 17 112
6 17 111
7 17 111
8 17 112
9 17 112
10 17 112
11 17 112
12 17 111
13 17 111
14 17 111
15 17 111
16 17 112
0 18 112
1 18 112
2 18 111
3 18 111
4 18 111
5 18 111
6 18 111
7 18 112
8 18 111
9 18 111
10 18 111
11 18 111
12 18 112
13 18 111
14 18 111
15 18 112
16 18 111
17 18 111
0 19 111
1 19 111
2 19 111
3 19 111
4 19 111
5 19 112
6 19 111
7 19 111
8 19 112
9 19 111
10 19 111
11 19 111
12 19 112
13 19 111
14 19 112
15 19 112
16 19 111
17 19 112
18 19 111
0 20 111
1 20 112
2 20 112
3 20 112
4 20 111
5 20 111
6 20 111
7 20 112
8 20 111
9 20 112
10 20 112
11 20 111
12 20 111
13 20 111
14 20 111
15 20 112
16 20 112
17 20 111
18 20 111
19 20 112
0 21 112
1 21 111
2 21 111
3 21 111
4 21 111
5 21 111
6 21 111
7 21 112
8 21 111
9 21 111
10 21 111
11 21 111
12 21 111
13 21 111
14 21 111
15 21 111
16 21 111
17 21 112
18 21 111
19 21 111
20 21 112
0 22 111
1 22 112
2 22 111
3 22 111
4 22 111
5 22 112
6 22 111
7 22 111
8 22 111
9 22 111
10 22 111
11 22 112
12 22 111
13 22 112
14 22 112
15 22 111
16 22 112
17 22 111
18 22 111
19 22 111
20 22 111
21 22 112
0 23 112
1 23 111
2 23 112
3 23 112
4 23 111
5 23 112
6 23 111
7 23 111
8 23 112
9 23 111
10 23 111
11 23 112
12 23 112
13 23 111
14 23 111
15 23 112
16 23 112
17 23 111
18 23 111
19 23 111
20 23 112
21 23 112
22 23 112
0 24 111
1 24 111
2 24 111
3 24 111
4 24 111
5 24 112
6 24 111
7 24 111
8 24 111
9 24 111
10 24 111
11 24 111
12 24 111
13 24 111
14 24 112
15 24 112
16 24 111
17 24 111
18 24 111
19 24 111
20 24 111
21 24 111
22 24 111
23 24 111
0 25 120
1 25 109
2 25 119
3 25 109
4 25 103
5 25 118
6 25 114
7 25 113
8 25 113
9 25 119
10 25 114
11 25 117
12 25 115
13 25 117
14 25 107
15 25 113
16 25 114
17 25 113
18 25 118
19 25 112
20 25 108
21 25 107
22 25 118
23 25 108
24 25 113
0 26 114
1 26 118
2 26 116
3 26 124
4 26 120
5 26 110
6 26 109
7 26 109
8 26 108
9 26 112
10 26 117
11 26 118
12 26 112
13 26 112
14 26 111
15 26 110
16 26 115
17 26 111
18 26 113
19 26 107
20 26 108
21 26 110
22 26 115
23 26 112
24 26 125
25 26 114
0 27 113
1 27 109
2 27 122
3 27 113
4 27 109
5 27 120
6 27 113
7 27 113
8 27 113
9 27 116
10 27 116
11 27 113
12 27 110
13 27 118
14 27 113
15 27 112
16 27 120
17 27 118
18 27 112
19 27 118
20 27 114
21 27 110
22 27 114
23 27 114
24 27 117
25 27 100
26 27 117
0 28 112
1 28 116
2 28 117
3 28 116
4 28 123
5 28 117
6 28 117
7 28 113
8 28 118
9 28 107
10 28 115
11 28 113
12 28 111
13 28 106
14 28 116
15 28 108
16 28 115
17 28 112
18 28 114
19 28 111
20 28 120
21 28 119
22 28 108
23 28 112
24 28 115
25 28 113
26 28 117
27 28 118
0 29 119
1 29 110
2 29 116
3 29 117
4 29 124
5 29 116
6 29 107
7 29 114
8 29 107
9 29 116
10 29 113
11 29 105
12 29 119
13 29 114
14 29 111
15 29 112
16 29 107
17 29 117
18 29 114
19 29 105
20 29 109
21 29 114
22 29 114
23 29 112
24 29 111
25 29 117
26 29 119
27 29 119
28 29 113
0 30 117
1 30 119
2 30 113
3 30 107
4 30 118
5 30 111
6 30 112
7 30 115
8 30 113
9 30 117
10 30 117
11 30 104
12 30 113
13 30 123
14 30 117
15 30 113
16 30 113
17 30 110
18 30 109
19 30 115
20 30 111
21 30 117
22 30 110
23 30 118
24 30 117
25 30 109
26 30 108
27 30 109
28 30 109
29 30 118
0 31 114
1 31 119
2 31 105
3 31 116
4 31 111
5 31 123
6 31 115
7 31 113
8 31 118
9 31 117
10 31 113
11 31 115
12 31 110
13 31 109
14 31 119
15 31 110
16 31 113
17 31 122
18 31 119
19 31 117
20 31 113
21 31 114
22 31 107
23 31 115
24 31 112
25 31 109
26 31 109
27 31 112
28 31 109
29 31 109
30 31 106
0 32 114
1 32 119
2 32 118
3 32 116
4 32 112
5 32 114
6 32 109
7 32 118
8 32 116
9 32 115
10 32 117
11 32 111
12 32 114
13 32 108
14 32 116
15 32 108
16 32 102
17 32 113
18 32 118
19 32 111
20 32 109
21 32 120
22 32 117
23 32 113
24 32 116
25 32 115
26 32 118
27 32 115
28 32 108
29 32 109
30 32 110
31 32 117
0 33 116
1 33 117
2 33 122
3 33 113
4 33 110
5 33 103
6 33 109
7 33 112
8 33 106
9 33 113
10 33 107
11 33 106
12 33 111
13 33 104
14 33 108
15 33 116
16 33 114
17 33 114
18 33 103
19 33 114
20 33 106
21 33 114
22 33 112
23 33 113
24 33 115
25 33 112
26 33 101
27 33 114
28 33 117
29 33 119
30 33 110
31 33 113
32 33 99
0 34 117
1 34 120
2 34 126
3 34 133
4 34 130
5 34 113
6 34 124
7 34 119
8 34 116
9 34 126
10 34 119
11 34 130
12 34 119
13 34 123
14 34 120
15 34 121
16 34 116
17 34 122
18 34 124
19 34 117
20 34 128
21 34 127
22 34 120
23 34 126
24 34 132
25 34 123
26 34 116
27 34 121
28 34 131
29 34 126
30 34 111
31 34 123
32 34 121
33 34 115
0 35 126
1 35 114
2 35 122
3 35 110
4 35 123
5 35 117
6 35 135
7 35 128
8 35 109
9 35 122
10 35 126
11 35 114
12 35 116
13 35 128
14 35 114
15 35 114
16 35 117
17 35 119
18 35 123
19 35 124
20 35 122
21 35 124
22 35 119
23 35 126
24 35 116
25 35 115
26 35 115
27 35 108
28 35 113
29 35 118
30 35 126
31 35 116
32 35 116
33 35 122
34 35 127
0 36 117
1 36 108
2 36 114
3 36 123
4 36 111
5 36 122
6 36 128
7 36 121
8 36 124
9 36 110
10 36 120
11 36 132
12 36 121
13 36 122
14 36 122
15 36 112
16 36 116
17 36 110
18 36 120
19 36 124
20 36 127
21 36 121
22 36 125
23 36 116
24 36 127
25 36 120
26 36 128
27 36 122
28 36 118
29 36 120
30 36 126
31 36 116
32 36 118
33 36 124
34 36 120
35 36 117
0 37 127
1 37 125
2 37 124
3 37 119
4 37 126
5 37 126
6 37 113
7 37 117
8 37 112
9 37 124
10 37 121
11 37 134
12 37 121
13 37 117
14 37 120
15 37 121
16 37 131
17 37 118
18 37 119
19 37 124
20 37 119
21 37 121
22 37 124
23 37 121
24 37 108
25 37 124
26 37 115
27 37 121
28 37 118
29 37 118
30 37 120
31 37 112
32 37 108
33 37 122
34 37 118
35 37 119
36 37 119
0 38 123
1 38 122
2 38 131
3 38 114
4 38 117
5 38 122
6 38 116
7 38 111
8 38 121
9 38 116
10 38 122
11 38 115
12 38 133
13 38 124
14 38 120
15 38 117
16 38 127
17 38 119
18 38 114
19 38 122
20 38 119
21 38 121
22 38 121
23 38 121
24 38 124
25 38 113
26 38 120
27 38 121
28 38 115
29 38 117
30 38 132
31 38 122
32 38 113
33 38 129
34 38 123
35 38 120
36 38 117
37 38 124
0 39 125
1 39 113
2 39 127
3 39 115
4 39 125
5 39 112
6 39 119
7 39 122
8 39 126
9 39 117
10 39 119
11 39 116
12 39 114
13 39 111
14 39 124
15 39 116
16 39 116
17 39 130
18 39 117
19 39 116
20 39 118
21 39 116
22 39 125
23 39 119
24 39 126
25 39 121
26 39 118
27 39 115
28 39 126
29 39 116
30 39 126
31 39 130
32 39 114
33 39 121
34 39 118
35 39 117
36 39 120
37 39 118
38 39 115
0 40 117
1 40 124
2 40 114
3 40 115
4 40 116
5 40 116
6 40 122
7 40 118
8 40 122
9 40 114
10 40 120
11 40 113
12 40 122
13 40 107
14 40 124
15 40 129
16 40 115
17 40 122
18 40 109
19 40 114
20 40 118
21 40 123
22 40 113
23 40 105
24 40 120
25 40 122
26 40 119
27 40 114
28 40 127
29 40 125
30 40 129
31 40 120
32 40 119
33 40 120
34 40 126
35 40 124
36 40 132
37 40 121
38 40 118
39 40 117
0 41 122
1 41 121
2 41 121
3 41 124
4 41 128
5 41 123
6 41 119
7 41 118
8 41 128
9 41 116
10 41 118
11 41 117
12 41 120
13 41 128
14 41 112
15 41 123
16 41 116
17 41 126
18 41 115
19 41 126
20 41 123
21 41 119
22 41 122
23 41 124
24 41 120
25 41 130
26 41 115
27 41 117
28 41 113
29 41 117
30 41 116
31 41 122
32 41 107
33 41 118
34 41 121
35 41 125
36 41 126
37 41 125
38 41 119
39 41 110
40 41 120
0 42 127
1 42 124
2 42 135
3 42 111
4 42 125
5 42 120
6 42 119
7 42 105
8 42 122
9 42 120
10 42 117
11 42 114
12 42 109
13 42 126
14 42 125
15 42 122
16 42 127
17 42 126
18 42 115
19 42 117
20 42 132
21 42 118
22 42 117
23 42 127
24 42 114
25 42 109
26 42 115
27 42 125
28 42 116
29 42 121
30 42 121
31 42 123
32 42 123
33 42 132
34 42 133
35 42 121
36 42 124
37 42 122
38 42 123
39 42 116
40 42 121
41 42 122
0 43 121
1 43 126
2 43 113
3 43 121
4 43 125
5 43 122
6 43 114
7 43 117
8 43 124
9 43 124
10 43 122
11 43 119
12 43 129
13 43 126
14 43 132
15 43 123
16 43 122
17 43 121
18 43 124
19 43 119
20 43 119
21 43 125
22 43 114
23 43 123
24 43 106
25 43 126
26 43 124
27 43 124
28 43 118
29 43 115
30 43 108
31 43 126
32 43 110
33 43 134
34 43 113
35 43 122
36 43 122
37 43 131
38 43 118
39 43 124
40 43 125
41 43 118
42 43 111
0 44 121
1 44 126
2 44 112
3 44 115
4 44 126
5 44 134
6 44 115
7 44 122
8 44 115
9 44 126
10 44 124
11 44 121
12 44 114
13 44 116
14 44 127
15 44 119
16 44 109
17 44 123
18 44 117
19 44 116
20 44 121
21 44 111
22 44 120
23 44 105
24 44 124
25 44 120
26 44 119
27 44 119
28 44 124
29 44 116
30 44 120
31 44 127
32 44 114
33 44 129
34 44 115
35 44 116
36 44 123
37 44 120
38 44 117
39 44 118
40 44 120
41 44 121
42 44 131
43 44 114
0 45 120
1 45 131
2 45 113
3 45 121
4 45 117
5 45 120
6 45 113
7 45 116
8 45 122
9 45 112
10 45 143
11 45 112
12 45 120
13 45 112
14 45 124
15 45 124
16 45 118
17 45 113
18 45 125
19 45 122
20 45 126
21 45 120
22 45 125
23 45 115
24 45 116
25 45 119
26 45 124
27 45 120
28 45 120
29 45 113
30 45 117
31 45 115
32 45 121
33 45 135
34 45 114
35 45 120
36 45 120
37 45 118
38 45 126
39 45 122
40 45 121
41 45 120
42 45 116
43 45 119
44 45 127
0 46 118
1 46 129
2 46 122
3 46 118
4 46 116
5 46 120
6 46 114
7 46 122
8 46 128
9 46 124
10 46 115
11 46 118
12 46 118
13 46 117
14 46 127
15 46 110
16 46 116
17 46 120
18 46 125
19 46 126
20 46 121
21 46 122
22 46 105
23 46 116
24 46 112
25 46 120
26 46 117
27 46 113
28 46 119
29 46 124
30 46 117
31 46 120
32 46 121
33 46 120
34 46 124
35 46 129
36 46 113
37 46 118
38 46 120
39 46 119
40 46 117
41 46 117
42 46 115
43 46 121
44 46 124
45 46 135
0 47 121
1 47 118
2 47 123
3 47 118
4 47 125
5 47 123
6 47 118
7 47 127
8 47 114
9 47 131
10 47 113
11 47 120
12 47 119
13 47 118
14 47 121
15 47 109
16 47 134
17 47 119
18 47 113
19 47 126
20 47 133
21 47 119
22 47 112
23 47 123
24 47 122
25 47 119
26 47 110
27 47 120
28 47 123
29 47 131
30 47 124
31 47 120
32 47 109
33 47 129
34 47 120
35 47 113
36 47 122
37 47 124
38 47 116
39 47 121
40 47 120
41 47 121
42 47 115
43 47 118
44 47 128
45 47 108
46 47 127
0 48 122
1 48 127
2 48 114
3 48 114
4 48 117
5 48 130
6 48 131
7 48 117
8 48 119
9 48 120
10 48 113
11 48 109
12 48 122
13 48 115
14 48 120
15 48 119
16 48 126
17 48 130
18 48 126
19 48 125
20 48 123
21 48 127
22 48 121
23 48 122
24 48 120
25 48 113
26 48 120
27 48 119
28 48 119
29 48 119
30 48 118
31 48 124
32 48 126
33 48 117
34 48 119
35 48 118
36 48 119
37 48 126
38 48 124
39 48 123
40 48 124
41 48 118
42 48 134
43 48 122
44 48 116
45 48 114
46 48 122
47 48 115
0 49 121
1 49 119
2 49 112
3 49 118
4 49 124
5 49 118
6 49 119
7 49 115
8 49 123
9 49 116
10 49 133
11 49 110
12 49 112
13 49 127
14 49 118
15 49 126
16 49 119
17 49 126
18 49 118
19 49 126
20 49 113
21 49 124
22 49 123
23 49 122
24 49 129
25 49 117
26 49 115
27 49 131
28 49 129
29 49 119
30 49 114
31 49 117
32 49 115
33 49 119
34 49 126
35 49 122
36 49 122
37 49 122
38 49 126
39 49 129
40 49 129
41 49 130
42 49 126
43 49 113
44 49 122
45 49 124
46 49 109
47 49 133
48 49 121
0 50 180
1 50 186
2 50 184
3 50 179
4 50 184
5 50 183
6 50 189
7 50 188
8 50 175
9 50 182
10 50 187
11 50 184
12 50 184
13 50 184
14 50 186
15 50 185
16 50 181
17 50 183
18 50 180
19 50 182
20 50 182
21 50 186
22 50 181
23 50 177
24 50 188
25 50 188
26 50 187
27 50 190
28 50 176
29 50 178
30 50 182
31 50 187
32 50 188
33 50 188
34 50 184
35 50 183
36 50 184
37 50 180
38 50 181
39 50 182
40 50 179
41 50 182
42 50 178
43 50 185
44 50 183
45 50 186
46 50 187
47 50 192
48 50 182
49 50 180
0 51 183
1 51 184
2 51 183
3 51 183
4 51 183
5 51 181
6 51 183
7 51 180
8 51 186
9 51 177
10 51 187
11 51 189
12 51 184
13 51 183
14 51 181
15 51 185
16 51 184
17 51 184
18 51 185
19 51 180
20 51 187
21 51 182
22 51 184
23 51 183
24 51 189
25 51 192
26 51 187
27 51 184
28 51 190
29 51 182
30 51 180
31 51 193
32 51 186
33 51 181
34 51 185
35 51 183
36 51 189
37 51 179
38 51 185
39 51 187
40 51 185
41 51 186
42 51 185
43 51 184
44 51 193
45 51 182
46 51 185
47 51 182
48 51 185
49 51 182
50 51 184
0 52 181
1 52 183
2 52 184
3 52 184
4 52 178
5 52 184
6 52 190
7 52 183
8 52 192
9 52 186
10 52 184
11 52 188
12 52 186
13 52 176
14 52 184
15 52 186
16 52 179
17 52 187
18 52 185
19 52 185
20 52 181
21 52 179
22 52 186
23 52 189
24 52 188
25 52 178
26 52 184
27 52 185
28 52 178
29 52 187
30 52 185
31 52 184
32 52 184
33 52 183
34 52 185
35 52 181
36 52 183
37 52 182
38 52 182
39 52 187
40 52 183
41 52 181
42 52 181
43 52 183
44 52 184
45 52 187
46 52 183
47 52 185
48 52 187
49 52 182
50 52 183
51 52 190
0 53 190
1 53 181
2 53 181
3 53 188
4 53 182
5 53 178
6 53 184
7 53 188
8 53 179
9 53 184
10 53 180
11 53 179
12 53 183
13 53 180
14 53 184
15 53 182
16 53 182
17 53 181
18 53 191
19 53 181
20 53 181
21 53 187
22 53 186
23 53 183
24 53 177
25 53 181
26 53 183
27 53 190
28 53 185
29 53 182
30 53 180
31 53 182
32 53 184
33 53 186
34 53 188
35 53 181
36 53 184
37 53 183
38 53 184
39 53 188
40 53 190
41 53 180
42 53 186
43 53 178
44 53 191
45 53 190
46 53 190
47 53 183
48 53 190
49 53 181
50 53 185
51 53 180
52 53 183
0 54 186
1 54 176
2 54 187
3 54 189
4 54 186
5 54 186
6 54 178
7 54 182
8 54 184
9 54 182
10 54 190
11 54 179
12 54 185
13 54 184
14 54 184
15 54 182
16 54 189
17 54 182
18 54 185
19 54 187
20 54 182
21 54 184
22 54 184
23 54 187
24 54 184
25 54 189
26 54 188
27 54 184
28 54 182
29 54 187
30 54 183
31 54 180
32 54 194
33 54 181
34 54 189
35 54 182
36 54 183
37 54 188
38 54 187
39 54 180
40 54 184
41 54 189
42 54 179
43 54 180
44 54 188
45 54 180
46 54 186
47 54 190
48 54 184
49 54 186
50 54 184
51 54 187
52 54 180
53 54 188
0 55 187
1 55 180
2 55 179
3 55 184
4 55 188
5 55 188
6 55 187
7 55 180
8 55 183
9 55 182
10 55 190
11 55 179
12 55 190
13 55 187
14 55 180
15 55 181
16 55 186
17 55 184
18 55 181
19 55 182
20 55 183
21 55 191
22 55 193
23 55 186
24 55 184
25 55 179
26 55 186
27 55 185
28 55 191
29 55 191
30 55 182
31 55 185
32 55 181
33 55 177
34 55 190
35 55 183
36 55 186
37 55 186
38 55 179
39 55 182
40 55 187
41 55 182
42 55 184
43 55 189
44 55 183
45 55 181
46 55 186
47 55 188
48 55 186
49 55 187
50 55 181
51 55 180
52 55 182
53 55 180
54 55 181
0 56 180
1 56 186
2 56 184
3 56 184
4 56 183
5 56 180
6 56 183
7 56 185
8 56 187
9 56 184
10 56 183
11 56 183
12 56 188
13 56 185
14 56 181
15 56 190
16 56 182
17 56 185
18 56 185
19 56 180
20 56 186
21 56 181
22 56 187
23 56 182
24 56 182
25 56 183
26 56 187
27 56 177
28 56 182
29 56 183
30 56 183
31 56 177
32 56 187
33 56 183
34 56 186
35 56 182
36 56 180
37 56 189
38 56 187
39 56 179
40 56 185
41 56 184
42 56 187
43 56 180
44 56 190
45 56 179
46 56 184
47 56 179
48 56 186
49 56 187
50 56 183
51 56 176
52 56 185
53 56 179
54 56 187
55 56 186
0 57 187
1 57 183
2 57 188
3 57 184
4 57 180
5 57 180
6 57 181
7 57 181
8 57 188
9 57 183
10 57 188
11 57 185
12 57 180
13 57 186
14 57 183
15 57 183
16 57 179
17 57 183
18 57 179
19 57 187
20 57 182
21 57 180
22 57 187
23 57 177
24 57 185
25 57 181
26 57 185
27 57 182
28 57 186
29 57 189
30 57 184
31 57 189
32 57 185
33 57 183
34 57 185
35 57 185
36 57 183
37 57 187
38 57 184
39 57 184
40 57 187
41 57 180
42 57 183
43 57 183
44 57 187
45 57 188
46 57 182
47 57 188
48 57 180
49 57 185
50 57 180
51 57 182
52 57 185
53 57 182
54 57 181
55 57 190
56 57 186
0 58 179
1 58 184
2 58 181
3 58 175
4 58 181
5 58 185
6 58 185
7 58 193
8 58 191
9 58 181
10 58 186
11 58 183
12 58 182
13 58 187
14 58 185
15 58 186
16 58 186
17 58 183
18 58 188
19 58 183
20 58 190
21 58 181
22 58 185
23 58 184
24 58 184
25 58 183
26 58 190
27 58 184
28 58 183
29 58 181
30 58 185
31 58 186
32 58 184
33 58 190
34 58 184
35 58 181
36 58 185
37 58 182
38 58 187
39 58 180
40 58 189
41 58 186
42 58 192
43 58 182
44 58 187
45 58 183
46 58 183
47 58 178
48 58 185
49 58 181
50 58 186
51 58 182
52 58 185
53 58 181
54 58 189
55 58 179
56 58 184
57 58 183
0 59 181
1 59 184
2 59 188
3 59 186
4 59 187
5 59 180
6 59 179
7 59 184
8 59 182
9 59 181
10 59 182
11 59 183
12 59 186
13 59 179
14 59 187
15 59 181
16 59 187
17 59 179
18 59 183
19 59 182
20 59 196
21 59 185
22 59 185
23 59 182
24 59 175
25 59 183
26 59 178
27 59 184
28 59 184
29 59 187
30 59 182
31 59 180
32 59 184
33 59 184
34 59 188
35 59 186
36 59 180
37 59 180
38 59 183
39 59 181
40 59 183
41 59 184
42 59 183
43 59 186
44 59 183
45 59 187
46 59 187
47 59 178
48 59 186
49 59 183
50 59 187
51 59 180
52 59 180
53 59 180
54 59 182
55 59 182
56 59 188
57 59 183
58 59 183
0 60 188
1 60 193
2 60 190
3 60 188
4 60 185
5 60 185
6 60 188
7 60 182
8 60 185
9 60 178
10 60 182
11 60 183
12 60 186
13 60 182
14 60 190
15 60 186
16 60 185
17 60 182
18 60 191
19 60 183
20 60 185
21 60 185
22 60 179
23 60 186
24 60 188
25 60 184
26 60 185
27 60 182
28 60 179
29 60 183
30 60 180
31 60 186
32 60 184
33 60 186
34 60 187
35 60 176
36 60 187
37 60 178
38 60 183
39 60 176
40 60 184
41 60 185
42 60 188
43 60 182
44 60 181
45 60 186
46 60 187
47 60 184
48 60 186
49 60 177
50 60 183
51 60 189
52 60 186
53 60 183
54 60 186
55 60 183
56 60 183
57 60 180
58 60 188
59 60 179
0 61 185
1 61 186
2 61 185
3 61 185
4 61 180
5 61 189
6 61 186
7 61 186
8 61 180
9 61 187
10 61 187
11 61 180
12 61 180
13 61 182
14 61 187
15 61 190
16 61 183
17 61 181
18 61 182
19 61 183
20 61 185
21 61 187
22 61 182
23 61 181
24 61 188
25 61 184
26 61 183
27 61 185
28 61 182
29 61 179
30 61 183
31 61 179
32 61 183
33 61 180
34 61 184
35 61 190
36 61 185
37 61 185
38 61 190
39 61 191
40 61 188
41 61 188
42 61 181
43 61 188
44 61 183
45 61 181
46 61 189
47 61 181
48 61 185
49 61 181
50 61 186
51 61 185
52 61 176
53 61 188
54 61 182
55 61 180
56 61 182
57 61 179
58 61 181
59 61 188
60 61 191
0 62 183
1 62 179
2 62 190
3 62 184
4 62 186
5 62 182
6 62 186
7 62 182
8 62 192
9 62 183
10 62 189
11 62 180
12 62 187
13 62 183
14 62 183
15 62 183
16 62 179
17 62 182
18 62 187
19 62 186
20 62 180
21 62 183
22 62 189
23 62 184
24 62 189
25 62 189
26 62 187
27 62 189
28 62 183
29 62 186
30 62 186
31 62 184
32 62 190
33 62 188
34 62 189
35 62 185
36 62 187
37 62 186
38 62 183
39 62 188
40 62 178
41 62 181
42 62 184
43 62 184
44 62 183
45 62 183
46 62 187
47 62 180
48 62 180
49 62 182
50 62 187
51 62 187
52 62 184
53 62 189
54 62 186
55 62 180
56 62 188
57 62 189
58 62 185
59 62 186
60 62 179
61 62 179
0 63 187
1 63 178
2 63 183
3 63 183
4 63 184
5 63 187
6 63 189
7 63 181
8 63 189
9 63 186
10 63 191
11 63 185
12 63 184
13 63 183
14 63 180
15 63 184
16 63 186
17 63 182
18 63 183
19 63 180
20 63 188
21 63 186
22 63 186
23 63 187
24 63 187
25 63 182
26 63 187
27 63 187
28 63 184
29 63 193
30 63 191
31 63 183
32 63 182
33 63 183
34 63 182
35 63 184
36 63 192
37 63 180
38 63 189
39 63 183
40 63 189
41 63 188
42 63 190
43 63 182
44 63 185
45 63 184
46 63 185
47 63 182
48 63 186
49 63 189
50 63 186
51 63 182
52 63 185
53 63 188
54 63 189
55 63 181
56 63 187
57 63 179
58 63 181
59 63 189
60 63 181
61 63 185
62 63 183
0 64 181
1 64 183
2 64 178
3 64 179
4 64 183
5 64 179
6 64 185
7 64 182
8 64 182
9 64 184
10 64 181
11 64 187
12 64 191
13 64 186
14 64 185
15 64 187
16 64 180
17 64 184
18 64 181
19 64 187
20 64 184
21 64 190
22 64 189
23 64 187
24 64 183
25 64 187
26 64 188
27 64 185
28 64 184
29 64 183
30 64 186
31 64 190
32 64 179
33 64 179
34 64 183
35 64 184
36 64 186
37 64 182
38 64 182
39 64 191
40 64 190
41 64 181
42 64 187
43 64 189
44 64 182
45 64 181
46 64 184
47 64 184
48 64 184
49 64 187
50 64 189
51 64 185
52 64 181
53 64 180
54 64 183
55 64 186
56 64 180
57 64 179
58 64 184
59 64 185
60 64 181
61 64 186
62 64 182
63 64 185
0 65 184
1 65 186
2 65 180
3 65 181
4 65 188
5 65 185
6 65 178
7 65 180
8 65 180
9 65 180
10 65 183
11 65 181
12 65 185
13 65 188
14 65 181
15 65 180
16 65 181
17 65 186
18 65 182
19 65 174
20 65 182
21 65 189
22 65 176
23 65 187
24 65 187
25 65 185
26 65 184
27 65 180
28 65 183
29 65 185
30 65 182
31 65 183
32 65 186
33 65 182
34 65 187
35 65 184
36 65 187
37 65 184
38 65 187
39 65 179
40 65 185
41 65 184
42 65 184
43 65 184
44 65 183
45 65 187
46 65 185
47 65 187
48 65 174
49 65 179
50 65 186
51 65 183
52 65 180
53 65 190
54 65 178
55 65 184
56 65 183
57 65 186
58 65 182
59 65 187
60 65 184
61 65 181
62 65 187
63 65 187
64 65 182
0 66 189
1 66 186
2 66 186
3 66 190
4 66 186
5 66 183
6 66 188
7 66 186
8 66 184
9 66 183
10 66 180
11 66 187
12 66 185
13 66 179
14 66 187
15 66 182
16 66 187
17 66 181
18 66 187
19 66 180
20 66 184
21 66 177
22 66 178
23 66 181
24 66 189
25 66 184
26 66 186
27 66 180
28 66 182
29 66 189
30 66 183
31 66 184
32 66 180
33 66 179
34 66 185
35 66 187
36 66 181
37 66 179
38 66 187
39 66 189
40 66 183
41 66 182
42 66 188
43 66 178
44 66 183
45 66 180
46 66 188
47 66 186
48 66 182
49 66 181
50 66 184
51 66 187
52 66 179
53 66 182
54 66 184
55 66 186
56 66 183
57 66 187
58 66 179
59 66 187
60 66 188
61 66 181
62 66 182
63 66 183
64 66 183
65 66 184
0 67 210
1 67 212
2 67 210
3 67 212
4 67 213
5 67 210
6 67 210
7 67 212
8 67 209
9 67 209
10 67 209
11 67 211
12 67 209
13 67 210
14 67 209
15 67 212
16 67 210
17 67 213
18 67 211
19 67 211
20 67 211
21 67 212
22 67 212
23 67 209
24 67 210
25 67 209
26 67 212
27 67 212
28 67 210
29 67 211
30 67 212
31 67 211
32 67 212
33 67 211
34 67 205
35 67 208
36 67 203
37 67 206
38 67 207
39 67 206
40 67 205
41 67 202
42 67 203
43 67 205
44 67 203
45 67 203
46 67 205
47 67 205
48 67 204
49 67 205
50 67 207
51 67 204
52 67 204
53 67 205
54 67 204
55 67 204
56 67 207
57 67 203
58 67 207
59 67 206
60 67 204
61 67 206
62 67 205
63 67 203
64 67 204
65 67 204
66 67 205
0 68 208
1 68 209
2 68 211
3 68 210
4 68 212
5 68 210
6 68 211
7 68 208
8 68 210
9 68 212
10 68 209
11 68 211
12 68 211
13 68 212
14 68 211
15 68 213
16 68 210
17 68 211
18 68 209
19 68 214
20 68 212
21 68 210
22 68 210
23 68 211
24 68 208
25 68 210
26 68 213
27 68 212
28 68 212
29 68 211
30 68 211
31 68 210
32 68 210
33 68 211
34 68 205
35 68 205
36 68 205
37 68 205
38 68 205
39 68 206
40 68 203
41 68 201
42 68 205
43 68 206
44 68 207
45 68 207
46 68 205
47 68 207
48 68 206
49 68 203
50 68 206
51 68 205
52 68 203
53 68 204
54 68 204
55 68 203
56 68 203
57 68 205
58 68 207
59 68 207
60 68 205
61 68 205
62 68 207
63 68 204
64 68 206
65 68 202
66 68 204
67 68 205
0 69 212
1 69 210
2 69 211
3 69 214
4 69 209
5 69 212
6 69 211
7 69 210
8 69 211
9 69 212
10 69 209
11 69 213
12 69 211
13 69 213
14 69 210
15 69 209
16 69 209
17 69 214
18 69 210
19 69 211
20 69 210
21 69 209
22 69 212
23 69 211
24 69 209
25 69 210
26 69 211
27 69 210
28 69 211
29 69 210
30 69 210
31 69 211
32 69 210
33 69 210
34 69 203
35 69 205
36 69 207
37 69 207
38 69 206
39 69 206
40 69 205
41 69 206
42 69 204
43 69 204
44 69 204
45 69 202
46 69 205
47 69 205
48 69 206
49 69 206
50 69 205
51 69 204
52 69 204
53 69 206
54 69 204
55 69 204
56 69 204
57 69 204
58 69 204
59 69 205
60 69 204
61 69 205
62 69 203
63 69 205
64 69 204
65 69 204
66 69 204
67 69 204
68 69 208
0 70 211
1 70 211
2 70 211
3 70 211
4 70 211
5 70 210
6 70 210
7 70 211
8 70 211
9 70 211
10 70 211
11 70 210
12 70 211
13 70 212
14 70 211
15 70 209
16 70 209
17 70 212
18 70 210
19 70 212
20 70 211
21 70 209
22 70 212
23 70 211
24 70 209
25 70 211
26 70 209
27 70 211
28 70 210
29 70 211
30 70 212
31 70 209
32 70 210
33 70 210
34 70 205
35 70 206
36 70 206
37 70 202
38 70 203
39 70 205
40 70 205
41 70 204
42 70 204
43 70 204
44 70 205
45 70 207
46 70 204
47 70 203
48 70 206
49 70 206
50 70 205
51 70 205
52 70 203
53 70 206
54 70 204
55 70 207
56 70 205
57 70 207
58 70 205
59 70 205
60 70 204
61 70 204
62 70 203
63 70 203
64 70 204
65 70 205
66 70 206
67 70 206
68 70 204
69 70 203
0 71 214
1 71 209
2 71 212
3 71 213
4 71 211
5 71 210
6 71 210
7 71 210
8 71 211
9 71 212
10 71 208
11 71 211
12 71 209
13 71 210
14 71 212
15 71 210
16 71 211
17 71 211
18 71 210
19 71 212
20 71 211
21 71 211
22 71 210
23 71 209
24 71 213
25 71 211
26 71 213
27 71 210
28 71 209
29 71 210
30 71 211
31 71 212
32 71 212
33 71 211
34 71 205
35 71 206
36 71 207
37 71 205
38 71 204
39 71 205
40 71 205
41 71 204
42 71 206
43 71 204
44 71 204
45 71 207
46 71 204
47 71 202
48 71 205
49 71 201
50 71 204
51 71 205
52 71 205
53 71 202
54 71 204
55 71 203
56 71 206
57 71 204
58 71 207
59 71 206
60 71 205
61 71 205
62 71 205
63 71 204
64 71 205
65 71 204
66 71 204
67 71 206
68 71 204
69 71 205
70 71 206
0 72 211
1 72 212
2 72 211
3 72 211
4 72 211
5 72 208
6 72 213
7 72 211
8 72 209
9 72 211
10 72 207
11 72 212
12 72 212
13 72 208
14 72 209
15 72 211
16 72 211
17 72 212
18 72 211
19 72 208
20 72 210
21 72 210
22 72 208
23 72 208
24 72 209
25 72 210
26 72 210
27 72 212
28 72 212
29 72 210
30 72 212
31 72 210
32 72 211
33 72 208
34 72 203
35 72 205
36 72 205
37 72 205
38 72 206
39 72 205
40 72 205
41 72 204
42 72 205
43 72 204
44 72 207
45 72 204
46 72 204
47 72 205
48 72 203
49 72 206
50 72 204
51 72 205
52 72 202
53 72 206
54 72 205
55 72 204
56 72 203
57 72 206
58 72 205
59 72 205
60 72 203
61 72 204
62 72 206
63 72 202
64 72 206
65 72 203
66 72 205
67 72 204
68 72 205
69 72 203
70 72 207
71 72 208
0 73 210
1 73 211
2 73 211
3 73 208
4 73 211
5 73 212
6 73 208
7 73 209
8 73 212
9 73 214
10 73 213
11 73 211
12 73 212
13 73 209
14 73 210
15 73 213
16 73 208
17 73 211
18 73 211
19 73 209
20 73 213
21 73 211
22 73 211
23 73 210
24 73 211
25 73 210
26 73 209
27 73 209
28 73 210
29 73 212
30 73 212
31 73 211
32 73 211
33 73 212
34 73 203
35 73 205
36 73 205
37 73 206
38 73 205
39 73 204
40 73 206
41 73 203
42 73 204
43 73 202
44 73 203
45 73 202
46 73 206
47 73 206
48 73 206
49 73 202
50 73 205
51 73 205
52 73 205
53 73 206
54 73 205
55 73 204
56 73 206
57 73 204
58 73 206
59 73 202
60 73 206
61 73 204
62 73 204
63 73 205
64 73 204
65 73 204
66 73 204
67 73 205
68 73 204
69 73 204
70 73 204
71 73 205
72 73 203
0 74 211
1 74 210
2 74 211
3 74 209
4 74 211
5 74 210
6 74 208
7 74 211
8 74 210
9 74 211
10 74 212
11 74 210
12 74 210
13 74 209
14 74 212
15 74 208
16 74 211
17 74 211
18 74 211
19 74 211
20 74 210
21 74 212
22 74 211
23 74 213
24 74 213
25 74 212
26 74 212
27 74 209
28 74 212
29 74 209
30 74 209
31 74 211
32 74 210
33 74 210
34 74 207
35 74 205
36 74 204
37 74 205
38 74 205
39 74 204
40 74 204
41 74 207
42 74 206
43 74 204
44 74 204
45 74 205
46 74 205
47 74 202
48 74 206
49 74 205
50 74 204
51 74 207
52 74 204
53 74 204
54 74 205
55 74 205
56 74 205
57 74 205
58 74 205
59 74 203
60 74 204
61 74 205
62 74 206
63 74 205
64 74 207
65 74 203
66 74 203
67 74 205
68 74 206
69 74 204
70 74 203
71 74 202
72 74 205
73 74 206
0 75 215
1 75 215
2 75 215
3 75 215
4 75 215
5 75 215
6 75 215
7 75 215
8 75 215
9 75 215
10 75 215
11 75 215
12 75 215
13 75 215
14 75 215
15 75 215
16 75 215
17 75 215
18 75 215
19 75 215
20 75 215
21 75 215
22 75 215
23 75 215
24 75 215
25 75 215
26 75 215
27 75 215
28 75 215
29 75 215
30 75 215
31 75 215
32 75 215
33 75 215
34 75 209
35 75 209
36 75 209
37 75 209
38 75 209
39 75 209
40 75 209
41 75 209
42 75 209
43 75 209
44 75 209
45 75 209
46 75 209
47 75 209
48 75 209
49 75 209
50 75 209
51 75 209
52 75 209
53 75 209
54 75 209
55 75 209
56 75 209
57 75 209
58 75 209
59 75 209
60 75 209
61 75 209
62 75 209
63 75 209
64 75 209
65 75 209
66 75 209
67 75 209
68 75 209
69 75 209
70 75 209
71 75 209
72 75 209
73 75 209
74 75 209
0 76 215
1 76 215
2 76 215
3 76 215
4 76 215
5 76 215
6 76 215
7 76 215
8 76 215
9 76 215
10 76 215
11 76 215
12 76 215
13 76 215
14 76 215
15 76 215
16 76 215
17 76 215
18 76 215
19 76 215
20 76 215
21 76 215
22 76 215
23 76 215
24 76 215
25 76 215
26 76 215
27 76 215
28 76 215
29 76 215
30 76 215
31 76 215
32 76 215
33 76 215
34 76 209
35 76 209
36 76 209
37 76 209
38 76 209
39 76 209
40 76 209
41 76 209
42 76 209
43 76 209
44 76 209
45 76 209
46 76 209
47 76 209
48 76 209
49 76 209
50 76 209
51 76 209
52 76 209
53 76 209
54 76 209
55 76 209
56 76 209
57 76 209
58 76 209
59 76 209
60 76 209
61 76 209
62 76 209
63 76 209
64 76 209
65 76 209
66 76 209
67 76 209
68 76 209
69 76 209
70 76 209
71 76 209
72 76 209
73 76 209
74 76 209
75 76 209
0 77 215
1 77 215
2 77 215
3 77 215
4 77 215
5 77 215
6 77 215
7 77 215
8 77 215
9 77 215
10 77 215
11 77 215
12 77 215
13 77 215
14 77 215
15 77 215
16 77 215
17 77 215
18 77 215
19 77 215
20 77 215
21 77 215
22 77 215
23 77 215
24 77 215
25 77 215
26 77 215
27 77 215
28 77 215
29 77 215
30 77 215
31 77 215
32 77 215
33 77 215
34 77 209
35 77 209
36 77 209
37 77 209
38 77 209
39 77 209
40 77 209
41 77 209
42 77 209
43 77 209
44 77 209
45 77 209
46 77 209
47 77 209
48 77 209
49 77 209
50 77 209
51 77 209
52 77 209
53 77 209
54 77 209
55 77 209
56 77 209
57 77 209
58 77 209
59 77 209
60 77 209
61 77 209
62 77 209
63 77 209
64 77 209
65 77 209
66 77 209
67 77 209
68 77 209
69 77 209
70 77 209
71 77 209
72 77 209
73 77 209
74 77 209
75 77 209
76 77 209
0 78 215
1 78 215
2 78 215
3 78 215
4 78 215
5 78 215
6 78 215
7 78 215
8 78 215
9 78 215
10 78 215
11 78 215
12 78 215
13 78 215
14 78 215
15 78 215
16 78 215
17 78 215
18 78 215
19 78 215
20 78 215
21 78 215
22 78 215
23 78 215
24 78 215
25 78 215
26 78 215
27 78 215
28 78 215
29 78 215
30 78 215
31 78 215
32 78 215
33 78 215
34 78 209
35 78 209
36 78 209
37 78 209
38 78 209
39 78 209
40 78 209
41 78 209
42 78 209
43 78 209
44 78 209
45 78 209
46 78 209
47 78 209
48 78 209
49 78 209
50 78 209
51 78 209
52 78 209
53 78 209
54 78 209
55 78 209
56 78 209
57 78 209
58 78 209
59 78 209
60 78 209
61 78 209
62 78 209
63 78 209
64 78 209
65 78 209
66 78 209
67 78 209
68 78 209
69 78 209
70 78 209
71 78 209
72 78 209
73 78 209
74 78 209
75 78 209
76 78 209
77 78 209
0 79 215
1 79 215
2 79 215
3 79 215
4 79 215
5 79 215
6 79 215
7 79 215
8 79 215
9 79 215
10 79 215
11 79 215
12 79 215
13 79 215
14 79 215
15 79 215
16 79 215
17 79 215
18 79 215
19 79 215
20 79 215
21 79 215
22 79 215
23 79 215
24 79 215
25 79 215
26 79 215
27 79 215
28 79 215
29 79 215
30 79 215
31 79 215
32 79 215
33 79 215
34 79 209
35 79 209
36 79 209
37 79 209
38 79 209
39 79 209
40 79 209
41 79 209
42 79 209
43 79 209
44 79 209
45 79 209
46 79 209
47 79 209
48 79 209
49 79 209
50 79 209
51 79 209
52 79 209
53 79 209
54 79 209
55 79 209
56 79 209
57 79 209
58 79 209
59 79 209
60 79 209
61 79 209
62 79 209
63 79 209
64 79 209
65 79 209
66 79 209
67 79 209
68 79 209
69 79 209
70 79 209
71 79 209
72 79 209
73 79 209
74 79 209
75 79 209
76 79 209
77 79 209
78 79 209
0 80 215
1 80 215
2 80 215
3 80 215
4 80 215
5 80 215
6 80 215
7 80 215
8 80 215
9 80 215
10 80 215
11 80 215
12 80 215
13 80 215
14 80 215
15 80 215
16 80 215
17 80 215
18 80 215
19 80 215
20 80 215
21 80 215
22 80 215
23 80 215
24 80 215
25 80 215
26 80 215
27 80 215
28 80 215
29 80 215
30 80 215
31 80 215
32 80 215
33 80 215
34 80 209
35 80 209
36 80 209
37 80 209
38 80 209
39 80 209
40 80 209
41 80 209
42 80 209
43 80 209
44 80 209
45 80 209
46 80 209
47 80 209
48 80 209
49 80 209
50 80 209
51 80 209
52 80 209
53 80 209
54 80 209
55 80 209
56 80 209
57 80 209
58 80 209
59 80 209
60 80 209
61 80 209
62 80 209
63 80 209
64 80 209
65 80 209
66 80 209
67 80 209
68 80 209
69 80 209
70 80 209
71 80 209
72 80 209
73 80 209
74 80 209
75 80 209
76 80 209
77 80 209
78 80 209
79 80 209
0 81 215
1 81 215
2 81 215
3 81 215
4 81 215
5 81 215
6 81 215
7 81 215
8 81 215
9 81 215
10 81 215
11 81 215
12 81 215
13 81 215
14 81 215
15 81 215
16 81 215
17 81 215
18 81 215
19 81 215
20 81 215
21 81 215
22 81 215
23 81 215
24 81 215
25 81 215
26 81 215
27 81 215
28 81 215
29 81 215
30 81 215
31 81 215
32 81 215
33 81 215
34 81 209
35 81 209
36 81 209
37 81 209
38 81 209
39 81 209
40 81 209
41 81 209
42 81 209
43 81 209
44 81 209
45 81 209
46 81 209
47 81 209
48 81 209
49 81 209
50 81 209
51 81 209
52 81 209
53 81 209
54 81 209
55 81 209
56 81 209
57 81 209
58 81 209
59 81 209
60 81 209
61 81 209
62 81 209
63 81 209
64 81 209
65 81 209
66 81 209
67 81 209
68 81 209
69 81 209
70 81 209
71 81 209
72 81 209
73 81 209
74 81 209
75 81 209
76 81 209
77 81 209
78 81 209
79 81 209
80 81 209
0 82 215
1 82 215
2 82 215
3 82 215
4 82 215
5 82 215
6 82 215
7 82 215
8 82 215
9 82 215
10 82 215
11 82 215
12 82 215
13 82 215
14 82 215
15 82 215
16 82 215
17 82 215
18 82 215
19 82 215
20 82 215
21 82 215
22 82 215
23 82 215
24 82 215
25 82 215
26 82 215
27 82 215
28 82 215
29 82 215
30 82 215
31 82 215
32 82 215
33 82 215
34 82 209
35 82 209
36 82 209
37 82 209
38 82 209
39 82 209
40 82 209
41 82 209
42 82 209
43 82 209
44 82 209
45 82 209
46 82 209
47 82 209
48 82 209
49 82 209
50 82 209
51 82 209
52 82 209
53 82 209
54 82 209
55 82 209
56 82 209
57 82 209
58 82 209
59 82 209
60 82 209
61 82 209
62 82 209
63 82 209
64 82 209
65 82 209
66 82 209
67 82 209
68 82 209
69 82 209
70 82 209
71 82 209
72 82 209
73 82 209
74 82 209
75 82 209
76 82 209
77 82 209
78 82 209
79 82 209
80 82 209
81 82 209
0 83 215
1 83 215
2 83 215
3 83 215
4 83 215
5 83 215
6 83 215
7 83 215
8 83 215
9 83 215
10 83 215
11 83 215
12 83 215
13 83 215
14 83 215
15 83 215
16 83 215
17 83 215
18 83 215
19 83 215
20 83 215
21 83 215
22 83 215
23 83 215
24 83 215
25 83 215
26 83 215
27 83 215
28 83 215
29 83 215
30 83 215
31 83 215
32 83 215
33 83 215
34 83 209
35 83 209
36 83 209
37 83 209
38 83 209
39 83 209
40 83 209
41 83 209
42 83 209
43 83 209
44 83 209
45 83 209
46 83 209
47 83 209
48 83 209
49 83 209
50 83 209
51 83 209
52 83 209
53 83 209
54 83 209
55 83 209
56 83 209
57 83 209
58 83 209
59 83 209
60 83 209
61 83 209
62 83 209
63 83 209
64 83 209
65 83 209
66 83 209
67 83 209
68 83 209
69 83 209
70 83 209
71 83 209
72 83 209
73 83 209
74 83 209
75 83 209
76 83 209
77 83 209
78 83 209
79 83 209
80 83 209
81 83 209
82 83 209
0 84 215
1 84 215
2 84 215
3 84 215
4 84 215
5 84 215
6 84 215
7 84 215
8 84 215
9 84 215
10 84 215
11 84 215
12 84 215
13 84 215
14 84 215
15 84 215
16 84 215
17 84 215
18 84 215
19 84 215
20 84 215
21 84 215
22 84 215
23 84 215
24 84 215
25 84 215
26 84 215
27 84 215
28 84 215
29 84 215
30 84 215
31 84 215
32 84 215
33 84 215
34 84 209
35 84 209
36 84 209
37 84 209
38 84 209
39 84 209
40 84 209
41 84 209
42 84 209
43 84 209
44 84 209
45 84 209
46 84 209
47 84 209
48 84 209
49 84 209
50 84 209
51 84 209
52 84 209
53 84 209
54 84 209
55 84 209
56 84 209
57 84 209
58 84 209
59 84 209
60 84 209
61 84 209
62 84 209
63 84 209
64 84 209
65 84 209
66 84 209
67 84 209
68 84 209
69 84 209
70 84 209
71 84 209
72 84 209
73 84 209
74 84 209
75 84 209
76 84 209
77 84 209
78 84 209
79 84 209
80 84 209
81 84 209
82 84 209
83 84 209
0 85 215
1 85 215
2 85 215
3 85 215
4 85 215
5 85 215
6 85 215
7 85 215
8 85 215
9 85 215
10 85 215
11 85 215
12 85 215
13 85 215
14 85 215
15 85 215
16 85 215
17 85 215
18 85 215
19 85 215
20 85 215
21 85 215
22 85 215
23 85 215
24 85 215
25 85 215
26 85 215
27 85 215
28 85 215
29 85 215
30 85 215
31 85 215
32 85 215
33 85 215
34 85 209
35 85 209
36 85 209
37 85 209
38 85 209
39 85 209
40 85 209
41 85 209
42 85 209
43 85 209
44 85 209
45 85 209
46 85 209
47 85 209
48 85 209
49 85 209
50 85 209
51 85 209
52 85 209
53 85 209
54 85 209
55 85 209
56 85 209
57 85 209
58 85 209
59 85 209
60 85 209
61 85 209
62 85 209
63 85 209
64 85 209
65 85 209
66 85 209
67 85 209
68 85 209
69 85 209
70 85 209
71 85 209
72 85 209
73 85 209
74 85 209
75 85 209
76 85 209
77 85 209
78 85 209
79 85 209
80 85 209
81 85 209
82 85 209
83 85 209
84 85 209
0 86 215
1 86 215
2 86 215
3 86 215
4 86 215
5 86 215
6 86 215
7 86 215
8 86 215
9 86 215
10 86 215
11 86 215
12 86 215
13 86 215
14 86 215
15 86 215
16 86 215
17 86 215
18 86 215
19 86 215
20 86 215
21 86 215
22 86 215
23 86 215
24 86 215
25 86 215
26 86 215
27 86 215
28 86 215
29 86 215
30 86 215
31 86 215
32 86 215
33 86 215
34 86 209
35 86 209
36 86 209
37 86 209
38 86 209
39 86 209
40 86 209
41 86 209
42 86 209
43 86 209
44 86 209
45 86 209
46 86 209
47 86 209
48 86 209
49 86 209
50 86 209
51 86 209
52 86 209
53 86 209
54 86 209
55 86 209
56 86 209
57 86 209
58 86 209
59 86 209
60 86 209
61 86 209
62 86 209
63 86 209
64 86 209
65 86 209
66 86 209
67 86 209
68 86 209
69 86 209
70 86 209
71 86 209
72 86 209
73 86 209
74 86 209
75 86 209
76 86 209
77 86 209
78 86 209
79 86 209
80 86 209
81 86 209
82 86 209
83 86 209
84 86 209
85 86 209
0 87 215
1 87 215
2 87 215
3 87 215
4 87 215
5 87 215
6 87 215
7 87 215
8 87 215
9 87 215
10 87 215
11 87 215
12 87 215
13 87 215
14 87 215
15 87 215
16 87 215
17 87 215
18 87 215
19 87 215
20 87 215
21 87 215
22 87 215
23 87 215
24 87 215
25 87 215
26 87 215
27 87 215
28 87 215
29 87 215
30 87 215
31 87 215
32 87 215
33 87 215
34 87 209
35 87 209
36 87 209
37 87 209
38 87 209
39 87 209
40 87 209
41 87 209
42 87 209
43 87 209
44 87 209
45 87 209
46 87 209
47 87 209
48 87 209
49 87 209
50 87 209
51 87 209
52 87 209
53 87 209
54 87 209
55 87 209
56 87 209
57 87 209
58 87 209
59 87 209
60 87 209
61 87 209
62 87 209
63 87 209
64 87 209
65 87 209
66 87 209
67 87 209
68 87 209
69 87 209
70 87 209
71 87 209
72 87 209
73 87 209
74 87 209
75 87 209
76 87 209
77 87 209
78 87 209
79 87 209
80 87 209
81 87 209
82 87 209
83 87 209
84 87 209
85 87 209
86 87 209
0 88 215
1 88 215
2 88 215
3 88 215
4 88 215
5 88 215
6 88 215
7 88 215
8 88 215
9 88 215
10 88 215
11 88 215
12 88 215
13 88 215
14 88 215
15 88 215
16 88 215
17 88 215
18 88 215
19 88 215
20 88 215
21 88 215
22 88 215
23 88 215
24 88 215
25 88 215
26 88 215
27 88 215
28 88 215
29 88 215
30 88 215
31 88 215
32 88 215
33 88 215
34 88 209
35 88 209
36 88 209
37 88 209
38 88 209
39 88 209
40 88 209
41 88 209
42 88 209
43 88 209
44 88 209
45 88 209
46 88 209
47 88 209
48 88 209
49 88 209
50 88 209
51 88 209
52 88 209
53 88 209
54 88 209
55 88 209
56 88 209
57 88 209
58 88 209
59 88 209
60 88 209
61 88 209
62 88 209
63 88 209
64 88 209
65 88 209
66 88 209
67 88 209
68 88 209
69 88 209
70 88 209
71 88 209
72 88 209
73 88 209
74 88 209
75 88 209
76 88 209
77 88 209
78 88 209
79 88 209
80 88 209
81 88 209
82 88 209
83 88 209
84 88 209
85 88 209
86 88 209
87 88 209
0 89 215
1 89 215
2 89 215
3 89 215
4 89 215
5 89 215
6 89 215
7 89 215
8 89 215
9 89 215
10 89 215
11 89 215
12 89 215
13 89 215
14 89 215
15 89 215
16 89 215
17 89 215
18 89 215
19 89 215
20 89 215
21 89 215
22 89 215
23 89 215
24 89 215
25 89 215
26 89 215
27 89 215
28 89 215
29 89 215
30 89 215
31 89 215
32 89 215
33 89 215
34 89 209
35 89 209
36 89 209
37 89 209
38 89 209
39 89 209
40 89 209
41 89 209
42 89 209
43 89 209
44 89 209
45 89 209
46 89 209
47 89 209
48 89 209
49 89 209
50 89 209
51 89 209
52 89 209
53 89 209
54 89 209
55 89 209
56 89 209
57 89 209
58 89 209
59 89 209
60 89 209
61 89 209
62 89 209
63 89 209
64 89 209
65 89 209
66 89 209
67 89 209
68 89 209
69 89 209
70 89 209
71 89 209
72 89 209
73 89 209
74 89 209
75 89 209
76 89 209
77 89 209
78 89 209
79 89 209
80 89 209
81 89 209
82 89 209
83 89 209
84 89 209
85 89 209
86 89 209
87 89 209
88 89 209
0 90 215
1 90 215
2 90 215
3 90 215
4 90 215
5 90 215
6 90 215
7 90 215
8 90 215
9 90 215
10 90 215
11 90 215
12 90 215
13 90 215
14 90 215
15 90 215
16 90 215
17 90 215
18 90 215
19 90 215
20 90 215
21 90 215
22 90 215
23 90 215
24 90 215
25 90 215
26 90 215
27 90 215
28 90 215
29 90 215
30 90 215
31 90 215
32 90 215
33 90 215
34 90 209
35 90 209
36 90 209
37 90 209
38 90 209
39 90 209
40 90 209
41 90 209
42 90 209
43 90 209
44 90 209
45 90 209
46 90 209
47 90 209
48 90 209
49 90 209
50 90 209
51 90 209
52 90 209
53 90 209
54 90 209
55 90 209
56 90 209
57 90 209
58 90 209
59 90 209
60 90 209
61 90 209
62 90 209
63 90 209
64 90 209
65 90 209
66 90 209
67 90 209
68 90 209
69 90 209
70 90 209
71 90 209
72 90 209
73 90 209
74 90 209
75 90 209
76 90 209
77 90 209
78 90 209
79 90 209
80 90 209
81 90 209
82 90 209
83 90 209
84 90 209
85 90 209
86 90 209
87 90 209
88 90 209
89 90 209
0 91 215
1 91 215
2 91 215
3 91 215
4 91 215
5 91 215
6 91 215
7 91 215
8 91 215
9 91 215
10 91 215
11 91 215
12 91 215
13 91 215
14 91 215
15 91 215
16 91 215
17 91 215
18 91 215
19 91 215
20 91 215
21 91 215
22 91 215
23 91 215
24 91 215
25 91 215
26 91 215
27 91 215
28 91 215
29 91 215
30 91 215
31 91 215
32 91 215
33 91 215
34 91 209
35 91 209
36 91 209
37 91 209
38 91 209
39 91 209
40 91 209
41 91 209
42 91 209
43 91 209
44 91 209
45 91 209
46 91 209
47 91 209
48 91 209
49 91 209
50 91 209
51 91 209
52 91 209
53 91 209
54 91 209
55 91 209
56 91 209
57 91 209
58 91 209
59 91 209
60 91 209
61 91 209
62 91 209
63 91 209
64 91 209
65 91 209
66 91 209
67 91 209
68 91 209
69 91 209
70 91 209
71 91 209
72 91 209
73 91 209
74 91 209
75 91 209
76 91 209
77 91 209
78 91 209
79 91 209
80 91 209
81 91 209
82 91 209
83 91 209
84 91 209
85 91 209
86 91 209
87 91 209
88 91 209
89 91 209
90 91 209
0 92 215
1 92 215
2 92 215
3 92 215
4 92 215
5 92 215
6 92 215
7 92 215
8 92 215
9 92 215
10 92 215
11 92 215
12 92 215
13 92 215
14 92 215
15 92 215
16 92 215
17 92 215
18 92 215
19 92 215
20 92 215
21 92 215
22 92 215
23 92 215
24 92 215
25 92 215
26 92 215
27 92 215
28 92 215
29 92 215
30 92 215
31 92 215
32 92 215
33 92 215
34 92 209
35 92 209
36 92 209
37 92 209
38 92 209
39 92 209
40 92 209
41 92 209
42 92 209
43 92 209
44 92 209
45 92 209
46 92 209
47 92 209
48 92 209
49 92 209
50 92 209
51 92 209
52 92 209
53 92 209
54 92 209
55 92 209
56 92 209
57 92 209
58 92 209
59 92 209
60 92 209
61 92 209
62 92 209
63 92 209
64 92 209
65 92 209
66 92 209
67 92 209
68 92 209
69 92 209
70 92 209
71 92 209
72 92 209
73 92 209
74 92 209
75 92 209
76 92 209
77 92 209
78 92 209
79 92 209
80 92 209
81 92 209
82 92 209
83 92 209
84 92 209
85 92 209
86 92 209
87 92 209
88 92 209
89 92 209
90 92 209
91 92 209
0 93 215
1 93 215
2 93 215
3 93 215
4 93 215
5 93 215
6 93 215
7 93 215
8 93 215
9 93 215
10 93 215
11 93 215
12 93 215
13 93 215
14 93 215
15 93 215
16 93 215
17 93 215
18 93 215
19 93 215
20 93 215
21 93 215
22 93 215
23 93 215
24 93 215
25 93 215
26 93 215
27 93 215
28 93 215
29 93 215
30 93 215
31 93 215
32 93 215
33 93 215
34 93 209
35 93 209
36 93 209
37 93 209
38 93 209
39 93 209
40 93 209
41 93 209
42 93 209
43 93 209
44 93 209
45 93 209
46 93 209
47 93 209
48 93 209
49 93 209
50 93 209
51 93 209
52 93 209
53 93 209
54 93 209
55 93 209
56 93 209
57 93 209
58 93 209
59 93 209
60 93 209
61 93 209
62 93 209
63 93 209
64 93 209
65 93 209
66 93 209
67 93 209
68 93 209
69 93 209
70 93 209
71 93 209
72 93 209
73 93 209
74 93 209
75 93 209
76 93 209
77 93 209
78 93 209
79 93 209
80 93 209
81 93 209
82 93 209
83 93 209
84 93 209
85 93 209
86 93 209
87 93 209
88 93 209
89 93 209
90 93 209
91 93 209
92 93 209
0 94 215
1 94 215
2 94 215
3 94 215
4 94 215
5 94 215
6 94 215
7 94 215
8 94 215
9 94 215
10 94 215
11 94 215
12 94 215
13 94 215
14 94 215
15 94 215
16 94 215
17 94 215
18 94 215
19 94 215
20 94 215
21 94 215
22 94 215
23 94 215
24 94 215
25 94 215
26 94 215
27 94 215
28 94 215
29 94 215
30 94 215
31 94 215
32 94 215
33 94 215
34 94 209
35 94 209
36 94 209
37 94 209
38 94 209
39 94 209
40 94 209
41 94 209
42 94 209
43 94 209
44 94 209
45 94 209
46 94 209
47 94 209
48 94 209
49 94 209
50 94 209
51 94 209
52 94 209
53 94 209
54 94 209
55 94 209
56 94 209
57 94 209
58 94 209
59 94 209
60 94 209
61 94 209
62 94 209
63 94 209
64 94 209
65 94 209
66 94 209
67 94 209
68 94 209
69 94 209
70 94 209
71 94 209
72 94 209
73 94 209
74 94 209
75 94 209
76 94 209
77 94 209
78 94 209
79 94 209
80 94 209
81 94 209
82 94 209
83 94 209
84 94 209
85 94 209
86 94 209
87 94 209
88 94 209
89 94 209
90 94 209
91 94 209
92 94 209
93 94 209
0 95 215
1 95 215
2 95 215
3 95 215
4 95 215
5 95 215
6 95 215
7 95 215
8 95 215
9 95 215
10 95 215
11 95 215
12 95 215
13 95 215
14 95 215
15 95 215
16 95 215
17 95 215
18 95 215
19 95 215
20 95 215
21 95 215
22 95 215
23 95 215
24 95 215
25 95 215
26 95 215
27 95 215
28 95 215
29 95 215
30 95 215
31 95 215
32 95 215
33 95 215
34 95 209
35 95 209
36 95 209
37 95 209
38 95 209
39 95 209
40 95 209
41 95 209
42 95 209
43 95 209
44 95 209
45 95 209
46 95 209
47 95 209
48 95 209
49 95 209
50 95 209
51 95 209
52 95 209
53 95 209
54 95 209
55 95 209
56 95 209
57 95 209
58 95 209
59 95 209
60 95 209
61 95 209
62 95 209
63 95 209
64 95 209
65 95 209
66 95 209
67 95 209
68 95 209
69 95 209
70 95 209
71 95 209
72 95 209
73 95 209
74 95 209
75 95 209
76 95 209
77 95 209
78 95 209
79 95 209
80 95 209
81 95 209
82 95 209
83 95 209
84 95 209
85 95 209
86 95 209
87 95 209
88 95 209
89 95 209
90 95 209
91 95 209
92 95 209
93 95 209
94 95 209
0 96 215
1 96 215
2 96 215
3 96 215
4 96 215
5 96 215
6 96 215
7 96 215
8 96 215
9 96 215
10 96 215
11 96 215
12 96 215
13 96 215
14 96 215
15 96 215
16 96 215
17 96 215
18 96 215
19 96 215
20 96 215
21 96 215
22 96 215
23 96 215
24 96 215
25 96 215
26 96 215
27 96 215
28 96 215
29 96 215
30 96 215
31 96 215
32 96 215
33 96 215
34 96 209
35 96 209
36 96 209
37 96 209
38 96 209
39 96 209
40 96 209
41 96 209
42 96 209
43 96 209
44 96 209
45 96 209
46 96 209
47 96 209
48 96 209
49 96 209
50 96 209
51 96 209
52 96 209
53 96 209
54 96 209
55 96 209
56 96 209
57 96 209
58 96 209
59 96 209
60 96 209
61 96 209
62 96 209
63 96 209
64 96 209
65 96 209
66 96 209
67 96 209
68 96 209
69 96 209
70 96 209
71 96 209
72 96 209
73 96 209
74 96 209
75 96 209
76 96 209
77 96 209
78 96 209
79 96 209
80 96 209
81 96 209
82 96 209
83 96 209
84 96 209
85 96 209
86 96 209
87 96 209
88 96 209
89 96 209
90 96 209
91 96 209
92 96 209
93 96 209
94 96 209
95 96 209
0 97 215
1 97 215
2 97 215
3 97 215
4 97 215
5 97 215
6 97 215
7 97 215
8 97 215
9 97 215
10 97 215
11 97 215
12 97 215
13 97 215
14 97 215
15 97 215
16 97 215
17 97 215
18 97 215
19 97 215
20 97 215
21 97 215
22 97 215
23 97 215
24 97 215
25 97 215
26 97 215
27 97 215
28 97 215
29 97 215
30 97 215
31 97 215
32 97 215
33 97 215
34 97 209
35 97 209
36 97 209
37 97 209
38 97 209
39 97 209
40 97 209
41 97 209
42 97 209
43 97 209
44 97 209
45 97 209
46 97 209
47 97 209
48 97 209
49 97 209
50 97 209
51 97 209
52 97 209
53 97 209
54 97 209
55 97 209
56 97 209
57 97 209
58 97 209
59 97 209
60 97 209
61 97 209
62 97 209
63 97 209
64 97 209
65 97 209
66 97 209
67 97 209
68 97 209
69 97 209
70 97 209
71 97 209
72 97 209
73 97 209
74 97 209
75 97 209
76 97 209
77 97 209
78 97 209
79 97 209
80 97 209
81 97 209
82 97 209
83 97 209
84 97 209
85 97 209
86 97 209
87 97 209
88 97 209
89 97 209
90 97 209
91 97 209
92 97 209
93 97 209
94 97 209
95 97 209
96 97 209
0 98 215
1 98 215
2 98 215
3 98 215
4 98 215
5 98 215
6 98 215
7 98 215
8 98 215
9 98 215
10 98 215
11 98 215
12 98 215
13 98 215
14 98 215
15 98 215
16 98 215
17 98 215
18 98 215
19 98 215
20 98 215
21 98 215
22 98 215
23 98 215
24 98 215
25 98 215
26 98 215
27 98 215
28 98 215
29 98 215
30 98 215
31 98 215
32 98 215
33 98 215
34 98 209
35 98 209
36 98 209
37 98 209
38 98 209
39 98 209
40 98 209
41 98 209
42 98 209
43 98 209
44 98 209
45 98 209
46 98 209
47 98 209
48 98 209
49 98 209
50 98 209
51 98 209
52 98 209
53 98 209
54 98 209
55 98 209
56 98 209
57 98 209
58 98 209
59 98 209
60 98 209
61 98 209
62 98 209
63 98 209
64 98 209
65 98 209
66 98 209
67 98 209
68 98 209
69 98 209
70 98 209
71 98 209
72 98 209
73 98 209
74 98 209
75 98 209
76 98 209
77 98 209
78 98 209
79 98 209
80 98 209
81 98 209
82 98 209
83 98 209
84 98 209
85 98 209
86 98 209
87 98 209
88 98 209
89 98 209
90 98 209
91 98 209
92 98 209
93 98 209
94 98 209
95 98 209
96 98 209
97 98 209
0 99 215
1 99 215
2 99 215
3 99 215
4 99 215
5 99 215
6 99 215
7 99 215
8 99 215
9 99 215
10 99 215
11 99 215
12 99 215
13 99 215
14 99 215
15 99 215
16 99 215
17 99 215
18 99 215
19 99 215
20 99 215
21 99 215
22 99 215
23 99 215
24 99 215
25 99 215
26 99 215
27 99 215
28 99 215
29 99 215
30 99 215
31 99 215
32 99 215
33 99 215
34 99 209
35 99 209
36 99 209
37 99 209
38 99 209
39 99 209
40 99 209
41 99 209
42 99 209
43 99 209
44 99 209
45 99 209
46 99 209
47 99 209
48 99 209
49 99 209
50 99 209
51 99 209
52 99 209
53 99 209
54 99 209
55 99 209
56 99 209
57 99 209
58 99 209
59 99 209
60 99 209
61 99 209
62 99 209
63 99 209
64 99 209
65 99 209
66 99 209
67 99 209
68 99 209
69 99 209
70 99 209
71 99 209
72 99 209
73 99 209
74 99 209
75 99 209
76 99 209
77 99 209
78 99 209
79 99 209
80 99 209
81 99 209
82 99 209
83 99 209
84 99 209
85 99 209
86 99 209
87 99 209
88 99 209
89 99 209
90 99 209
91 99 209
92 99 209
93 99 209
94 99 209
95 99 209
96 99 209
97 99 209
98 99 209
0 100 215
1 100 215
2 100 215
3 100 215
4 100 215
5 100 215
6 100 215
7 100 215
8 100 215
9 100 215
10 100 215
11 100 215
12 100 215
13 100 215
14 100 215
15 100 215
16 100 215
17 100 215
18 100 215
19 100 215
20 100 215
21 100 215
22 100 215
23 100 215
24 100 215
25 100 215
26 100 215
27 100 215
28 100 215
29 100 215
30 100 215
31 100 215
32 100 215
33 100 215
34 100 209
35 100 209
36 100 209
37 100 209
38 100 209
39 100 209
40 100 209
41 100 209
42 100 209
43 100 209
44 100 209
45 100 209
46 100 209
47 100 209
48 100 209
49 100 209
50 100 209
51 100 209
52 100 209
53 100 209
54 100 209
55 100 209
56 100 209
57 100 209
58 100 209
59 100 209
60 100 209
61 100 209
62 100 209
63 100 209
64 100 209
65 100 209
66 100 209
67 100 209
68 100 209
69 100 209
70 100 209
71 100 209
72 100 209
73 100 209
74 100 209
75 100 209
76 100 209
77 100 209
78 100 209
79 100 209
80 100 209
81 100 209
82 100 209
83 100 209
84 100 209
85 100 209
86 100 209
87 100 209
88 100 209
89 100 209
90 100 209
91 100 209
92 100 209
93 100 209
94 100 209
95 100 209
96 100 209
97 100 209
98 100 209
99 100 209
