0 1 199
1 1 200
0 2 199
1 2 199
2 2 201
0 3 200
1 3 198
2 3 199
3 3 202
0 4 203
1 4 203
2 4 203
3 4 200
4 4 200
0 5 201
1 5 199
2 5 199
3 5 201
4 5 200
5 5 203
0 6 200
1 6 198
2 6 203
3 6 203
4 6 203
5 6 201
6 6 202
0 7 200
1 7 199
2 7 201
3 7 200
4 7 202
5 7 198
6 7 201
7 7 196
0 8 199
1 8 199
2 8 198
3 8 200
4 8 201
5 8 199
6 8 200
7 8 201
8 8 203
0 9 204
1 9 201
2 9 202
3 9 200
4 9 200
5 9 201
6 9 197
7 9 198
8 9 199
9 9 199
0 10 202
1 10 200
2 10 201
3 10 202
4 10 199
5 10 200
6 10 203
7 10 198
8 10 202
9 10 201
10 10 199
0 11 199
1 11 200
2 11 201
3 11 202
4 11 203
5 11 203
6 11 201
7 11 203
8 11 199
9 11 200
10 11 198
11 11 199
0 12 187
1 12 191
2 12 198
3 12 193
4 12 188
5 12 185
6 12 178
7 12 192
8 12 192
9 12 197
10 12 183
11 12 197
12 12 191
0 13 202
1 13 192
2 13 207
3 13 208
4 13 196
5 13 193
6 13 201
7 13 194
8 13 208
9 13 194
10 13 194
11 13 207
12 13 203
13 13 197
0 14 196
1 14 207
2 14 199
3 14 205
4 14 205
5 14 200
6 14 194
7 14 207
8 14 196
9 14 204
10 14 202
11 14 194
12 14 206
13 14 203
14 14 202
0 15 216
1 15 204
2 15 209
3 15 231
4 15 221
5 15 204
6 15 213
7 15 216
8 15 219
9 15 224
10 15 224
11 15 216
12 15 232
13 15 221
14 15 216
15 15 206
0 16 224
1 16 214
2 16 232
3 16 211
4 16 215
5 16 228
6 16 222
7 16 217
8 16 226
9 16 212
10 16 224
11 16 229
12 16 222
13 16 221
14 16 216
15 16 216
16 16 216
0 17 237
1 17 225
2 17 237
3 17 233
4 17 236
5 17 246
6 17 236
7 17 229
8 17 232
9 17 241
10 17 236
11 17 231
12 17 239
13 17 235
14 17 219
15 17 215
16 17 233
17 17 237
0 18 234
1 18 249
2 18 233
3 18 244
4 18 238
5 18 228
6 18 230
7 18 240
8 18 239
9 18 232
10 18 243
11 18 241
12 18 236
13 18 237
14 18 237
15 18 232
16 18 240
17 18 245
18 18 242
0 19 230
1 19 236
2 19 234
3 19 217
4 19 233
5 19 239
6 19 220
7 19 235
8 19 222
9 19 242
10 19 231
11 19 224
12 19 232
13 19 237
14 19 236
15 19 248
16 19 236
17 19 222
18 19 218
19 19 244
0 20 225
1 20 238
2 20 240
3 20 246
4 20 242
5 20 235
6 20 240
7 20 239
8 20 232
9 20 229
10 20 233
11 20 241
12 20 235
13 20 225
14 20 239
15 20 246
16 20 231
17 20 233
18 20 236
19 20 244
20 20 240
0 21 229
1 21 245
2 21 227
3 21 242
4 21 250
5 21 241
6 21 242
7 21 256
8 21 250
9 21 237
10 21 235
11 21 235
12 21 231
13 21 250
14 21 248
15 21 232
16 21 248
17 21 243
18 21 235
19 21 242
20 21 243
21 21 244
0 22 234
1 22 237
2 22 247
3 22 225
4 22 234
5 22 248
6 22 235
7 22 233
8 22 245
9 22 246
10 22 255
11 22 241
12 22 251
13 22 232
14 22 234
15 22 242
16 22 243
17 22 237
18 22 237
19 22 245
20 22 230
21 22 247
22 22 220
0 23 301
1 23 293
2 23 279
3 23 285
4 23 289
5 23 294
6 23 296
7 23 283
8 23 301
9 23 293
10 23 285
11 23 290
12 23 294
13 23 279
14 23 281
15 23 286
16 23 281
17 23 284
18 23 285
19 23 291
20 23 282
21 23 286
22 23 285
23 23 282
0 24 273
1 24 296
2 24 300
3 24 287
4 24 292
5 24 292
6 24 280
7 24 302
8 24 292
9 24 286
10 24 280
11 24 278
12 24 297
13 24 296
14 24 297
15 24 297
16 24 296
17 24 280
18 24 290
19 24 288
20 24 283
21 24 282
22 24 297
23 24 293
24 24 284
0 25 326
1 25 319
2 25 324
3 25 316
4 25 319
5 25 325
6 25 320
7 25 314
8 25 321
9 25 318
10 25 327
11 25 317
12 25 323
13 25 303
14 25 306
15 25 317
16 25 308
17 25 319
18 25 302
19 25 321
20 25 305
21 25 304
22 25 308
23 25 313
24 25 299
25 25 304
0 26 321
1 26 327
2 26 332
3 26 313
4 26 324
5 26 324
6 26 329
7 26 326
8 26 320
9 26 318
10 26 320
11 26 324
12 26 317
13 26 299
14 26 297
15 26 308
16 26 292
17 26 305
18 26 295
19 26 309
20 26 317
21 26 295
22 26 312
23 26 308
24 26 316
25 26 309
26 26 301
0 27 326
1 27 314
2 27 321
3 27 318
4 27 322
5 27 324
6 27 308
7 27 319
8 27 322
9 27 315
10 27 326
11 27 316
12 27 317
13 27 302
14 27 308
15 27 308
16 27 311
17 27 297
18 27 302
19 27 301
20 27 310
21 27 305
22 27 313
23 27 311
24 27 311
25 27 315
26 27 313
27 27 299
0 28 314
1 28 318
2 28 320
3 28 334
4 28 313
5 28 315
6 28 324
7 28 326
8 28 323
9 28 328
10 28 313
11 28 318
12 28 323
13 28 301
14 28 301
15 28 302
16 28 318
17 28 308
18 28 306
19 28 304
20 28 313
21 28 311
22 28 303
23 28 308
24 28 303
25 28 308
26 28 310
27 28 312
28 28 307
0 29 349
1 29 348
2 29 333
3 29 332
4 29 334
5 29 335
6 29 339
7 29 339
8 29 343
9 29 337
10 29 343
11 29 335
12 29 331
13 29 326
14 29 333
15 29 333
16 29 332
17 29 332
18 29 330
19 29 319
20 29 322
21 29 311
22 29 330
23 29 325
24 29 314
25 29 322
26 29 321
27 29 315
28 29 324
29 29 320
0 30 342
1 30 333
2 30 341
3 30 341
4 30 345
5 30 340
6 30 346
7 30 343
8 30 335
9 30 342
10 30 342
11 30 344
12 30 344
13 30 330
14 30 328
15 30 330
16 30 317
17 30 331
18 30 326
19 30 336
20 30 321
21 30 329
22 30 329
23 30 311
24 30 323
25 30 330
26 30 322
27 30 332
28 30 323
29 30 330
30 30 324
0 31 339
1 31 345
2 31 333
3 31 342
4 31 342
5 31 346
6 31 335
7 31 339
8 31 334
9 31 330
10 31 330
11 31 343
12 31 343
13 31 328
14 31 329
15 31 323
16 31 328
17 31 319
18 31 330
19 31 321
20 31 339
21 31 326
22 31 328
23 31 324
24 31 331
25 31 329
26 31 329
27 31 324
28 31 323
29 31 325
30 31 328
31 31 338
0 32 338
1 32 329
2 32 339
3 32 337
4 32 333
5 32 331
6 32 348
7 32 347
8 32 339
9 32 338
10 32 336
11 32 335
12 32 341
13 32 324
14 32 335
15 32 324
16 32 320
17 32 321
18 32 321
19 32 321
20 32 323
21 32 333
22 32 337
23 32 327
24 32 330
25 32 328
26 32 321
27 32 334
28 32 314
29 32 335
30 32 331
31 32 329
32 32 323
0 33 339
1 33 342
2 33 341
3 33 335
4 33 339
5 33 338
6 33 341
7 33 345
8 33 340
9 33 336
10 33 344
11 33 335
12 33 342
13 33 337
14 33 327
15 33 323
16 33 319
17 33 320
18 33 332
19 33 330
20 33 333
21 33 314
22 33 323
23 33 330
24 33 329
25 33 323
26 33 330
27 33 326
28 33 333
29 33 328
30 33 329
31 33 325
32 33 317
33 33 328
0 34 360
1 34 365
2 34 365
3 34 362
4 34 361
5 34 358
6 34 360
7 34 364
8 34 362
9 34 357
10 34 363
11 34 364
12 34 360
13 34 350
14 34 351
15 34 355
16 34 343
17 34 347
18 34 347
19 34 347
20 34 345
21 34 349
22 34 345
23 34 350
24 34 342
25 34 342
26 34 346
27 34 345
28 34 344
29 34 345
30 34 348
31 34 334
32 34 339
33 34 345
34 34 342
0 35 357
1 35 360
2 35 358
3 35 366
4 35 358
5 35 360
6 35 365
7 35 361
8 35 360
9 35 363
10 35 361
11 35 364
12 35 359
13 35 353
14 35 350
15 35 352
16 35 354
17 35 345
18 35 350
19 35 348
20 35 343
21 35 346
22 35 343
23 35 343
24 35 348
25 35 349
26 35 346
27 35 354
28 35 334
29 35 350
30 35 349
31 35 341
32 35 348
33 35 345
34 35 338
35 35 345
0 36 358
1 36 366
2 36 364
3 36 359
4 36 356
5 36 360
6 36 363
7 36 364
8 36 358
9 36 358
10 36 365
11 36 368
12 36 362
13 36 353
14 36 346
15 36 349
16 36 352
17 36 346
18 36 351
19 36 350
20 36 342
21 36 338
22 36 351
23 36 346
24 36 352
25 36 342
26 36 349
27 36 340
28 36 346
29 36 347
30 36 350
31 36 345
32 36 346
33 36 354
34 36 348
35 36 342
36 36 348
0 37 361
1 37 369
2 37 361
3 37 358
4 37 362
5 37 362
6 37 358
7 37 361
8 37 359
9 37 358
10 37 355
11 37 359
12 37 364
13 37 351
14 37 351
15 37 347
16 37 348
17 37 342
18 37 348
19 37 342
20 37 344
21 37 348
22 37 347
23 37 347
24 37 348
25 37 350
26 37 339
27 37 347
28 37 342
29 37 336
30 37 337
31 37 346
32 37 355
33 37 335
34 37 348
35 37 348
36 37 348
37 37 341
0 38 364
1 38 361
2 38 363
3 38 371
4 38 368
5 38 365
6 38 368
7 38 368
8 38 357
9 38 363
10 38 367
11 38 365
12 38 358
13 38 363
14 38 363
15 38 366
16 38 367
17 38 356
18 38 360
19 38 356
20 38 361
21 38 358
22 38 358
23 38 356
24 38 357
25 38 361
26 38 362
27 38 359
28 38 354
29 38 354
30 38 357
31 38 357
32 38 358
33 38 360
34 38 356
35 38 358
36 38 359
37 38 358
38 38 360
0 39 363
1 39 360
2 39 362
3 39 367
4 39 366
5 39 361
6 39 360
7 39 367
8 39 366
9 39 366
10 39 365
11 39 367
12 39 363
13 39 364
14 39 369
15 39 358
16 39 368
17 39 363
18 39 359
19 39 359
20 39 358
21 39 357
22 39 362
23 39 365
24 39 359
25 39 360
26 39 351
27 39 366
28 39 350
29 39 359
30 39 354
31 39 354
32 39 357
33 39 357
34 39 355
35 39 362
36 39 359
37 39 360
38 39 355
39 39 357
0 40 362
1 40 367
2 40 369
3 40 366
4 40 370
5 40 367
6 40 366
7 40 364
8 40 368
9 40 368
10 40 367
11 40 367
12 40 370
13 40 368
14 40 365
15 40 365
16 40 372
17 40 365
18 40 365
19 40 360
20 40 367
21 40 360
22 40 365
23 40 359
24 40 362
25 40 367
26 40 355
27 40 356
28 40 358
29 40 365
30 40 365
31 40 363
32 40 366
33 40 362
34 40 365
35 40 365
36 40 365
37 40 356
38 40 366
39 40 355
40 40 366
0 41 361
1 41 368
2 41 370
3 41 373
4 41 364
5 41 366
6 41 371
7 41 373
8 41 366
9 41 367
10 41 370
11 41 369
12 41 371
13 41 368
14 41 364
15 41 367
16 41 370
17 41 357
18 41 363
19 41 364
20 41 358
21 41 364
22 41 364
23 41 363
24 41 362
25 41 362
26 41 366
27 41 369
28 41 360
29 41 363
30 41 363
31 41 365
32 41 358
33 41 363
34 41 359
35 41 366
36 41 362
37 41 366
38 41 362
39 41 365
40 41 362
41 41 365
0 42 370
1 42 368
2 42 370
3 42 366
4 42 369
5 42 367
6 42 365
7 42 368
8 42 369
9 42 370
10 42 366
11 42 369
12 42 370
13 42 365
14 42 369
15 42 365
16 42 363
17 42 363
18 42 364
19 42 360
20 42 359
21 42 362
22 42 360
23 42 365
24 42 362
25 42 363
26 42 364
27 42 365
28 42 360
29 42 364
30 42 360
31 42 363
32 42 360
33 42 361
34 42 366
35 42 364
36 42 364
37 42 358
38 42 360
39 42 361
40 42 361
41 42 362
42 42 365
0 43 371
1 43 373
2 43 368
3 43 374
4 43 373
5 43 375
6 43 372
7 43 370
8 43 375
9 43 371
10 43 374
11 43 373
12 43 369
13 43 370
14 43 372
15 43 370
16 43 371
17 43 368
18 43 362
19 43 373
20 43 365
21 43 363
22 43 369
23 43 366
24 43 369
25 43 371
26 43 371
27 43 371
28 43 368
29 43 365
30 43 368
31 43 369
32 43 368
33 43 369
34 43 364
35 43 365
36 43 366
37 43 367
38 43 367
39 43 366
40 43 366
41 43 369
42 43 369
43 43 366
0 44 374
1 44 372
2 44 372
3 44 370
4 44 372
5 44 373
6 44 370
7 44 368
8 44 370
9 44 374
10 44 372
11 44 373
12 44 371
13 44 372
14 44 371
15 44 371
16 44 374
17 44 361
18 44 369
19 44 365
20 44 372
21 44 368
22 44 365
23 44 372
24 44 368
25 44 372
26 44 366
27 44 369
28 44 367
29 44 369
30 44 369
31 44 362
32 44 368
33 44 369
34 44 366
35 44 368
36 44 371
37 44 364
38 44 365
39 44 366
40 44 367
41 44 363
42 44 366
43 44 361
44 44 371
0 45 373
1 45 374
2 45 375
3 45 372
4 45 374
5 45 376
6 45 373
7 45 374
8 45 374
9 45 370
10 45 372
11 45 374
12 45 373
13 45 370
14 45 371
15 45 370
16 45 369
17 45 370
18 45 368
19 45 370
20 45 371
21 45 369
22 45 367
23 45 368
24 45 370
25 45 366
26 45 370
27 45 367
28 45 367
29 45 366
30 45 368
31 45 363
32 45 368
33 45 363
34 45 370
35 45 363
36 45 367
37 45 371
38 45 362
39 45 369
40 45 373
41 45 368
42 45 368
43 45 368
44 45 370
45 45 365
0 46 375
1 46 372
2 46 374
3 46 373
4 46 372
5 46 377
6 46 376
7 46 371
8 46 376
9 46 374
10 46 371
11 46 372
12 46 371
13 46 373
14 46 371
15 46 372
16 46 371
17 46 367
18 46 368
19 46 367
20 46 366
21 46 368
22 46 369
23 46 371
24 46 371
25 46 368
26 46 369
27 46 369
28 46 367
29 46 366
30 46 368
31 46 366
32 46 371
33 46 371
34 46 367
35 46 372
36 46 371
37 46 372
38 46 364
39 46 366
40 46 364
41 46 363
42 46 369
43 46 369
44 46 364
45 46 367
46 46 367
0 47 372
1 47 374
2 47 369
3 47 375
4 47 371
5 47 372
6 47 373
7 47 373
8 47 375
9 47 373
10 47 372
11 47 372
12 47 377
13 47 370
14 47 373
15 47 370
16 47 369
17 47 370
18 47 369
19 47 369
20 47 366
21 47 367
22 47 370
23 47 366
24 47 366
25 47 369
26 47 370
27 47 372
28 47 368
29 47 366
30 47 371
31 47 363
32 47 369
33 47 368
34 47 366
35 47 367
36 47 369
37 47 370
38 47 366
39 47 367
40 47 372
41 47 364
42 47 365
43 47 370
44 47 368
45 47 365
46 47 368
47 47 368
0 48 373
1 48 371
2 48 372
3 48 376
4 48 372
5 48 376
6 48 374
7 48 376
8 48 374
9 48 373
10 48 376
11 48 374
12 48 374
13 48 372
14 48 373
15 48 371
16 48 370
17 48 371
18 48 368
19 48 368
20 48 367
21 48 370
22 48 369
23 48 369
24 48 371
25 48 366
26 48 371
27 48 369
28 48 371
29 48 363
30 48 366
31 48 367
32 48 370
33 48 366
34 48 364
35 48 369
36 48 368
37 48 364
38 48 364
39 48 371
40 48 371
41 48 369
42 48 368
43 48 368
44 48 371
45 48 366
46 48 368
47 48 366
48 48 369
0 49 376
1 49 377
2 49 374
3 49 374
4 49 374
5 49 372
6 49 371
7 49 370
8 49 372
9 49 375
10 49 374
11 49 374
12 49 375
13 49 372
14 49 372
15 49 370
16 49 371
17 49 368
18 49 369
19 49 370
20 49 369
21 49 368
22 49 372
23 49 373
24 49 369
25 49 368
26 49 368
27 49 371
28 49 371
29 49 363
30 49 364
31 49 367
32 49 369
33 49 370
34 49 369
35 49 371
36 49 366
37 49 366
38 49 360
39 49 369
40 49 368
41 49 366
42 49 370
43 49 366
44 49 363
45 49 366
46 49 366
47 49 367
48 49 365
49 49 363
0 50 376
1 50 377
2 50 376
3 50 376
4 50 377
5 50 377
6 50 376
7 50 376
8 50 377
9 50 375
10 50 377
11 50 377
12 50 376
13 50 377
14 50 377
15 50 374
16 50 376
17 50 377
18 50 374
19 50 377
20 50 375
21 50 376
22 50 377
23 50 376
24 50 375
25 50 374
26 50 374
27 50 375
28 50 374
29 50 374
30 50 374
31 50 374
32 50 377
33 50 375
34 50 376
35 50 371
36 50 370
37 50 372
38 50 375
39 50 375
40 50 371
41 50 371
42 50 374
43 50 368
44 50 372
45 50 374
46 50 371
47 50 374
48 50 371
49 50 373
50 50 371
0 51 377
1 51 376
2 51 377
3 51 377
4 51 377
5 51 376
6 51 377
7 51 377
8 51 377
9 51 377
10 51 376
11 51 376
12 51 376
13 51 376
14 51 376
15 51 376
16 51 376
17 51 375
18 51 374
19 51 376
20 51 375
21 51 374
22 51 376
23 51 376
24 51 376
25 51 375
26 51 376
27 51 377
28 51 377
29 51 377
30 51 373
31 51 374
32 51 376
33 51 370
34 51 373
35 51 372
36 51 374
37 51 373
38 51 374
39 51 375
40 51 376
41 51 375
42 51 375
43 51 372
44 51 370
45 51 373
46 51 374
47 51 375
48 51 370
49 51 372
50 51 372
51 51 374
0 52 377
1 52 377
2 52 377
3 52 377
4 52 377
5 52 377
6 52 376
7 52 377
8 52 377
9 52 377
10 52 377
11 52 376
12 52 377
13 52 375
14 52 376
15 52 376
16 52 377
17 52 375
18 52 375
19 52 377
20 52 373
21 52 374
22 52 376
23 52 377
24 52 377
25 52 374
26 52 374
27 52 375
28 52 377
29 52 374
30 52 375
31 52 370
32 52 374
33 52 373
34 52 370
35 52 371
36 52 373
37 52 373
38 52 373
39 52 371
40 52 372
41 52 373
42 52 374
43 52 373
44 52 372
45 52 375
46 52 375
47 52 374
48 52 371
49 52 374
50 52 371
51 52 374
52 52 372
0 53 377
1 53 377
2 53 377
3 53 377
4 53 377
5 53 376
6 53 377
7 53 377
8 53 376
9 53 377
10 53 377
11 53 376
12 53 377
13 53 377
14 53 375
15 53 377
16 53 375
17 53 375
18 53 376
19 53 376
20 53 377
21 53 375
22 53 377
23 53 377
24 53 375
25 53 374
26 53 375
27 53 377
28 53 376
29 53 374
30 53 372
31 53 372
32 53 373
33 53 372
34 53 374
35 53 371
36 53 372
37 53 376
38 53 372
39 53 374
40 53 374
41 53 370
42 53 372
43 53 370
44 53 372
45 53 373
46 53 370
47 53 374
48 53 374
49 53 372
50 53 370
51 53 368
52 53 371
53 53 375
0 54 377
1 54 376
2 54 377
3 54 377
4 54 377
5 54 377
6 54 377
7 54 377
8 54 377
9 54 376
10 54 377
11 54 377
12 54 377
13 54 377
14 54 377
15 54 376
16 54 376
17 54 376
18 54 376
19 54 375
20 54 376
21 54 376
22 54 376
23 54 376
24 54 377
25 54 376
26 54 376
27 54 374
28 54 377
29 54 374
30 54 374
31 54 374
32 54 373
33 54 373
34 54 370
35 54 373
36 54 374
37 54 375
38 54 371
39 54 373
40 54 374
41 54 373
42 54 374
43 54 373
44 54 372
45 54 374
46 54 374
47 54 373
48 54 376
49 54 375
50 54 372
51 54 373
52 54 372
53 54 373
54 54 375
0 55 377
1 55 376
2 55 376
3 55 376
4 55 377
5 55 377
6 55 377
7 55 377
8 55 377
9 55 377
10 55 377
11 55 377
12 55 377
13 55 375
14 55 377
15 55 376
16 55 376
17 55 375
18 55 375
19 55 375
20 55 377
21 55 375
22 55 377
23 55 375
24 55 377
25 55 375
26 55 375
27 55 376
28 55 375
29 55 375
30 55 375
31 55 374
32 55 373
33 55 373
34 55 374
35 55 373
36 55 374
37 55 371
38 55 369
39 55 374
40 55 371
41 55 371
42 55 372
43 55 373
44 55 373
45 55 374
46 55 374
47 55 370
48 55 372
49 55 371
50 55 369
51 55 371
52 55 371
53 55 372
54 55 370
55 55 374
0 56 376
1 56 376
2 56 377
3 56 376
4 56 377
5 56 377
6 56 376
7 56 376
8 56 376
9 56 376
10 56 376
11 56 377
12 56 377
13 56 377
14 56 376
15 56 377
16 56 376
17 56 376
18 56 375
19 56 377
20 56 377
21 56 377
22 56 375
23 56 375
24 56 377
25 56 375
26 56 376
27 56 374
28 56 373
29 56 374
30 56 376
31 56 373
32 56 375
33 56 375
34 56 372
35 56 372
36 56 372
37 56 373
38 56 371
39 56 371
40 56 373
41 56 374
42 56 372
43 56 374
44 56 371
45 56 375
46 56 372
47 56 372
48 56 370
49 56 375
50 56 373
51 56 373
52 56 374
53 56 370
54 56 375
55 56 374
56 56 372
0 57 377
1 57 377
2 57 376
3 57 377
4 57 376
5 57 377
6 57 376
7 57 377
8 57 376
9 57 376
10 57 377
11 57 377
12 57 376
13 57 377
14 57 375
15 57 377
16 57 375
17 57 375
18 57 374
19 57 377
20 57 376
21 57 375
22 57 375
23 57 375
24 57 375
25 57 377
26 57 377
27 57 377
28 57 377
29 57 374
30 57 374
31 57 377
32 57 374
33 57 375
34 57 372
35 57 369
36 57 373
37 57 373
38 57 370
39 57 373
40 57 373
41 57 374
42 57 370
43 57 374
44 57 372
45 57 371
46 57 373
47 57 371
48 57 373
49 57 374
50 57 370
51 57 374
52 57 373
53 57 373
54 57 371
55 57 373
56 57 372
57 57 371
0 58 377
1 58 377
2 58 377
3 58 377
4 58 377
5 58 377
6 58 376
7 58 376
8 58 377
9 58 377
10 58 377
11 58 377
12 58 376
13 58 376
14 58 376
15 58 377
16 58 376
17 58 376
18 58 376
19 58 375
20 58 376
21 58 377
22 58 376
23 58 376
24 58 377
25 58 377
26 58 377
27 58 376
28 58 377
29 58 376
30 58 375
31 58 377
32 58 377
33 58 377
34 58 376
35 58 374
36 58 376
37 58 376
38 58 374
39 58 376
40 58 374
41 58 375
42 58 376
43 58 375
44 58 375
45 58 372
46 58 372
47 58 376
48 58 376
49 58 375
50 58 374
51 58 375
52 58 376
53 58 375
54 58 375
55 58 375
56 58 376
57 58 373
58 58 376
0 59 376
1 59 377
2 59 377
3 59 377
4 59 377
5 59 377
6 59 377
7 59 377
8 59 377
9 59 377
10 59 377
11 59 377
12 59 377
13 59 377
14 59 376
15 59 377
16 59 377
17 59 377
18 59 377
19 59 377
20 59 376
21 59 376
22 59 376
23 59 377
24 59 377
25 59 376
26 59 377
27 59 377
28 59 377
29 59 376
30 59 376
31 59 375
32 59 377
33 59 376
34 59 375
35 59 376
36 59 371
37 59 375
38 59 372
39 59 373
40 59 374
41 59 375
42 59 376
43 59 375
44 59 375
45 59 376
46 59 377
47 59 375
48 59 375
49 59 375
50 59 375
51 59 376
52 59 375
53 59 375
54 59 376
55 59 374
56 59 377
57 59 376
58 59 376
59 59 373
0 60 377
1 60 377
2 60 377
3 60 377
4 60 377
5 60 377
6 60 377
7 60 377
8 60 377
9 60 377
10 60 377
11 60 377
12 60 377
13 60 377
14 60 377
15 60 377
16 60 377
17 60 377
18 60 377
19 60 375
20 60 374
21 60 376
22 60 377
23 60 377
24 60 377
25 60 376
26 60 377
27 60 377
28 60 376
29 60 376
30 60 377
31 60 376
32 60 377
33 60 376
34 60 377
35 60 375
36 60 376
37 60 375
38 60 374
39 60 376
40 60 374
41 60 373
42 60 376
43 60 373
44 60 375
45 60 374
46 60 377
47 60 374
48 60 374
49 60 375
50 60 374
51 60 373
52 60 373
53 60 375
54 60 375
55 60 374
56 60 375
57 60 375
58 60 376
59 60 374
60 60 374
0 61 377
1 61 377
2 61 377
3 61 377
4 61 377
5 61 377
6 61 377
7 61 377
8 61 377
9 61 377
10 61 377
11 61 377
12 61 377
13 61 377
14 61 377
15 61 376
16 61 376
17 61 376
18 61 376
19 61 377
20 61 374
21 61 377
22 61 377
23 61 377
24 61 377
25 61 376
26 61 376
27 61 377
28 61 375
29 61 376
30 61 377
31 61 376
32 61 375
33 61 377
34 61 374
35 61 375
36 61 375
37 61 374
38 61 374
39 61 374
40 61 374
41 61 376
42 61 374
43 61 373
44 61 376
45 61 374
46 61 375
47 61 374
48 61 374
49 61 371
50 61 373
51 61 373
52 61 374
53 61 374
54 61 377
55 61 374
56 61 372
57 61 374
58 61 374
59 61 376
60 61 373
61 61 374
0 62 377
1 62 377
2 62 377
3 62 377
4 62 377
5 62 377
6 62 377
7 62 377
8 62 377
9 62 377
10 62 377
11 62 377
12 62 377
13 62 377
14 62 377
15 62 376
16 62 377
17 62 376
18 62 377
19 62 375
20 62 376
21 62 377
22 62 377
23 62 377
24 62 377
25 62 377
26 62 375
27 62 377
28 62 376
29 62 375
30 62 375
31 62 376
32 62 377
33 62 376
34 62 375
35 62 376
36 62 375
37 62 373
38 62 377
39 62 375
40 62 373
41 62 374
42 62 375
43 62 376
44 62 374
45 62 375
46 62 373
47 62 372
48 62 376
49 62 371
50 62 375
51 62 373
52 62 376
53 62 376
54 62 373
55 62 370
56 62 376
57 62 374
58 62 375
59 62 375
60 62 375
61 62 372
62 62 372
0 63 377
1 63 377
2 63 377
3 63 377
4 63 377
5 63 377
6 63 377
7 63 377
8 63 377
9 63 377
10 63 377
11 63 377
12 63 377
13 63 377
14 63 377
15 63 377
16 63 377
17 63 377
18 63 377
19 63 376
20 63 376
21 63 377
22 63 377
23 63 377
24 63 377
25 63 377
26 63 377
27 63 376
28 63 377
29 63 377
30 63 377
31 63 377
32 63 377
33 63 377
34 63 374
35 63 376
36 63 376
37 63 375
38 63 375
39 63 377
40 63 375
41 63 374
42 63 375
43 63 375
44 63 374
45 63 375
46 63 375
47 63 375
48 63 376
49 63 375
50 63 376
51 63 375
52 63 375
53 63 373
54 63 372
55 63 374
56 63 375
57 63 375
58 63 375
59 63 376
60 63 375
61 63 375
62 63 376
63 63 376
0 64 377
1 64 377
2 64 377
3 64 377
4 64 377
5 64 377
6 64 377
7 64 377
8 64 377
9 64 377
10 64 377
11 64 377
12 64 377
13 64 377
14 64 377
15 64 377
16 64 377
17 64 376
18 64 377
19 64 377
20 64 377
21 64 377
22 64 377
23 64 377
24 64 377
25 64 377
26 64 376
27 64 377
28 64 376
29 64 377
30 64 376
31 64 377
32 64 377
33 64 375
34 64 375
35 64 376
36 64 376
37 64 377
38 64 376
39 64 375
40 64 377
41 64 376
42 64 372
43 64 374
44 64 373
45 64 373
46 64 376
47 64 373
48 64 374
49 64 375
50 64 374
51 64 373
52 64 373
53 64 372
54 64 376
55 64 375
56 64 374
57 64 374
58 64 375
59 64 373
60 64 372
61 64 374
62 64 374
63 64 372
64 64 373
0 65 377
1 65 377
2 65 377
3 65 377
4 65 377
5 65 377
6 65 377
7 65 377
8 65 377
9 65 377
10 65 377
11 65 377
12 65 377
13 65 377
14 65 377
15 65 377
16 65 377
17 65 377
18 65 377
19 65 377
20 65 376
21 65 376
22 65 377
23 65 376
24 65 375
25 65 377
26 65 376
27 65 377
28 65 377
29 65 375
30 65 377
31 65 377
32 65 377
33 65 375
34 65 373
35 65 377
36 65 377
37 65 374
38 65 377
39 65 376
40 65 376
41 65 373
42 65 375
43 65 375
44 65 377
45 65 375
46 65 375
47 65 373
48 65 374
49 65 376
50 65 375
51 65 373
52 65 374
53 65 373
54 65 372
55 65 375
56 65 369
57 65 375
58 65 374
59 65 375
60 65 375
61 65 375
62 65 375
63 65 373
64 65 376
65 65 375
0 66 377
1 66 377
2 66 377
3 66 377
4 66 377
5 66 377
6 66 377
7 66 377
8 66 377
9 66 377
10 66 377
11 66 377
12 66 377
13 66 377
14 66 377
15 66 377
16 66 377
17 66 377
18 66 377
19 66 377
20 66 376
21 66 376
22 66 377
23 66 376
24 66 377
25 66 376
26 66 377
27 66 377
28 66 377
29 66 377
30 66 376
31 66 377
32 66 377
33 66 377
34 66 374
35 66 374
36 66 375
37 66 374
38 66 375
39 66 377
40 66 373
41 66 377
42 66 375
43 66 375
44 66 375
45 66 375
46 66 376
47 66 375
48 66 372
49 66 373
50 66 375
51 66 376
52 66 374
53 66 373
54 66 373
55 66 375
56 66 375
57 66 373
58 66 374
59 66 375
60 66 375
61 66 376
62 66 376
63 66 374
64 66 375
65 66 373
66 66 376
0 67 377
1 67 377
2 67 377
3 67 377
4 67 377
5 67 377
6 67 377
7 67 377
8 67 377
9 67 377
10 67 377
11 67 377
12 67 377
13 67 377
14 67 377
15 67 377
16 67 377
17 67 377
18 67 377
19 67 377
20 67 377
21 67 377
22 67 377
23 67 377
24 67 377
25 67 377
26 67 377
27 67 377
28 67 377
29 67 377
30 67 376
31 67 377
32 67 377
33 67 377
34 67 377
35 67 377
36 67 377
37 67 377
38 67 377
39 67 376
40 67 376
41 67 376
42 67 376
43 67 376
44 67 376
45 67 376
46 67 375
47 67 377
48 67 377
49 67 375
50 67 374
51 67 375
52 67 374
53 67 376
54 67 373
55 67 372
56 67 376
57 67 375
58 67 373
59 67 377
60 67 375
61 67 375
62 67 376
63 67 377
64 67 376
65 67 374
66 67 374
67 67 375
0 68 377
1 68 377
2 68 377
3 68 377
4 68 377
5 68 377
6 68 377
7 68 377
8 68 377
9 68 377
10 68 377
11 68 377
12 68 377
13 68 377
14 68 377
15 68 377
16 68 377
17 68 377
18 68 377
19 68 377
20 68 377
21 68 377
22 68 377
23 68 377
24 68 377
25 68 377
26 68 377
27 68 377
28 68 377
29 68 377
30 68 377
31 68 377
32 68 377
33 68 377
34 68 377
35 68 376
36 68 377
37 68 376
38 68 376
39 68 377
40 68 377
41 68 376
42 68 377
43 68 377
44 68 377
45 68 376
46 68 376
47 68 376
48 68 376
49 68 376
50 68 377
51 68 375
52 68 374
53 68 376
54 68 376
55 68 375
56 68 376
57 68 375
58 68 376
59 68 377
60 68 374
61 68 375
62 68 377
63 68 374
64 68 375
65 68 376
66 68 375
67 68 374
68 68 375
0 69 377
1 69 377
2 69 377
3 69 377
4 69 377
5 69 377
6 69 377
7 69 377
8 69 377
9 69 377
10 69 377
11 69 377
12 69 377
13 69 377
14 69 377
15 69 377
16 69 377
17 69 377
18 69 377
19 69 377
20 69 377
21 69 377
22 69 377
23 69 377
24 69 377
25 69 377
26 69 377
27 69 377
28 69 377
29 69 377
30 69 377
31 69 377
32 69 377
33 69 377
34 69 377
35 69 377
36 69 377
37 69 377
38 69 377
39 69 376
40 69 376
41 69 377
42 69 376
43 69 377
44 69 377
45 69 375
46 69 374
47 69 376
48 69 376
49 69 376
50 69 375
51 69 373
52 69 376
53 69 375
54 69 376
55 69 375
56 69 374
57 69 373
58 69 376
59 69 376
60 69 376
61 69 376
62 69 374
63 69 374
64 69 373
65 69 375
66 69 372
67 69 374
68 69 375
69 69 375
0 70 377
1 70 377
2 70 377
3 70 377
4 70 377
5 70 377
6 70 377
7 70 377
8 70 377
9 70 377
10 70 377
11 70 377
12 70 377
13 70 377
14 70 377
15 70 377
16 70 377
17 70 377
18 70 377
19 70 377
20 70 377
21 70 377
22 70 377
23 70 377
24 70 377
25 70 377
26 70 377
27 70 377
28 70 377
29 70 377
30 70 377
31 70 377
32 70 377
33 70 376
34 70 377
35 70 377
36 70 377
37 70 377
38 70 377
39 70 377
40 70 377
41 70 375
42 70 376
43 70 376
44 70 377
45 70 377
46 70 377
47 70 377
48 70 376
49 70 377
50 70 375
51 70 376
52 70 376
53 70 374
54 70 373
55 70 376
56 70 376
57 70 374
58 70 376
59 70 375
60 70 373
61 70 377
62 70 375
63 70 377
64 70 375
65 70 374
66 70 375
67 70 373
68 70 377
69 70 374
70 70 372
0 71 377
1 71 377
2 71 377
3 71 377
4 71 377
5 71 377
6 71 377
7 71 377
8 71 377
9 71 377
10 71 377
11 71 377
12 71 377
13 71 377
14 71 377
15 71 377
16 71 377
17 71 377
18 71 377
19 71 377
20 71 377
21 71 377
22 71 377
23 71 377
24 71 377
25 71 377
26 71 377
27 71 377
28 71 377
29 71 377
30 71 377
31 71 376
32 71 376
33 71 376
34 71 377
35 71 377
36 71 377
37 71 377
38 71 377
39 71 377
40 71 375
41 71 377
42 71 376
43 71 375
44 71 377
45 71 375
46 71 377
47 71 376
48 71 374
49 71 374
50 71 377
51 71 372
52 71 375
53 71 372
54 71 376
55 71 374
56 71 375
57 71 375
58 71 375
59 71 376
60 71 374
61 71 374
62 71 375
63 71 376
64 71 377
65 71 376
66 71 376
67 71 374
68 71 374
69 71 376
70 71 375
71 71 374
0 72 377
1 72 377
2 72 377
3 72 377
4 72 377
5 72 377
6 72 377
7 72 377
8 72 377
9 72 377
10 72 377
11 72 377
12 72 377
13 72 377
14 72 377
15 72 377
16 72 377
17 72 377
18 72 377
19 72 377
20 72 377
21 72 377
22 72 377
23 72 377
24 72 377
25 72 377
26 72 377
27 72 377
28 72 377
29 72 377
30 72 377
31 72 377
32 72 377
33 72 377
34 72 377
35 72 377
36 72 377
37 72 377
38 72 377
39 72 377
40 72 377
41 72 376
42 72 377
43 72 376
44 72 376
45 72 376
46 72 375
47 72 375
48 72 375
49 72 376
50 72 374
51 72 375
52 72 375
53 72 376
54 72 377
55 72 375
56 72 375
57 72 374
58 72 375
59 72 375
60 72 377
61 72 373
62 72 373
63 72 375
64 72 377
65 72 376
66 72 376
67 72 374
68 72 377
69 72 373
70 72 375
71 72 376
72 72 376
0 73 377
1 73 377
2 73 377
3 73 377
4 73 377
5 73 377
6 73 377
7 73 377
8 73 377
9 73 377
10 73 377
11 73 377
12 73 377
13 73 377
14 73 377
15 73 377
16 73 377
17 73 377
18 73 377
19 73 377
20 73 377
21 73 377
22 73 377
23 73 377
24 73 377
25 73 377
26 73 377
27 73 377
28 73 377
29 73 377
30 73 377
31 73 377
32 73 377
33 73 377
34 73 377
35 73 377
36 73 377
37 73 377
38 73 377
39 73 377
40 73 377
41 73 376
42 73 376
43 73 375
44 73 377
45 73 376
46 73 376
47 73 377
48 73 376
49 73 376
50 73 374
51 73 375
52 73 375
53 73 374
54 73 375
55 73 377
56 73 376
57 73 375
58 73 375
59 73 373
60 73 374
61 73 374
62 73 375
63 73 376
64 73 376
65 73 375
66 73 373
67 73 376
68 73 376
69 73 374
70 73 375
71 73 374
72 73 376
73 73 374
0 74 377
1 74 377
2 74 377
3 74 377
4 74 377
5 74 377
6 74 377
7 74 377
8 74 377
9 74 377
10 74 377
11 74 377
12 74 377
13 74 377
14 74 377
15 74 377
16 74 377
17 74 377
18 74 377
19 74 377
20 74 377
21 74 377
22 74 377
23 74 377
24 74 377
25 74 377
26 74 377
27 74 377
28 74 377
29 74 377
30 74 377
31 74 377
32 74 377
33 74 377
34 74 377
35 74 377
36 74 377
37 74 377
38 74 377
39 74 377
40 74 376
41 74 377
42 74 376
43 74 377
44 74 376
45 74 376
46 74 376
47 74 377
48 74 376
49 74 376
50 74 377
51 74 375
52 74 374
53 74 373
54 74 375
55 74 374
56 74 377
57 74 374
58 74 376
59 74 375
60 74 376
61 74 376
62 74 373
63 74 375
64 74 377
65 74 373
66 74 377
67 74 374
68 74 374
69 74 375
70 74 375
71 74 376
72 74 374
73 74 374
74 74 373
0 75 377
1 75 377
2 75 377
3 75 377
4 75 377
5 75 377
6 75 377
7 75 377
8 75 377
9 75 377
10 75 377
11 75 377
12 75 377
13 75 377
14 75 377
15 75 377
16 75 377
17 75 377
18 75 377
19 75 377
20 75 377
21 75 377
22 75 377
23 75 377
24 75 377
25 75 377
26 75 377
27 75 377
28 75 377
29 75 377
30 75 377
31 75 377
32 75 377
33 75 377
34 75 377
35 75 377
36 75 377
37 75 377
38 75 377
39 75 377
40 75 376
41 75 377
42 75 377
43 75 377
44 75 376
45 75 377
46 75 376
47 75 376
48 75 377
49 75 376
50 75 375
51 75 375
52 75 375
53 75 375
54 75 377
55 75 373
56 75 375
57 75 376
58 75 375
59 75 376
60 75 375
61 75 376
62 75 376
63 75 375
64 75 376
65 75 375
66 75 373
67 75 375
68 75 377
69 75 375
70 75 375
71 75 376
72 75 372
73 75 376
74 75 374
75 75 374
0 76 377
1 76 377
2 76 377
3 76 377
4 76 377
5 76 377
6 76 377
7 76 377
8 76 377
9 76 377
10 76 377
11 76 377
12 76 377
13 76 377
14 76 377
15 76 377
16 76 377
17 76 377
18 76 377
19 76 377
20 76 377
21 76 377
22 76 377
23 76 377
24 76 377
25 76 377
26 76 377
27 76 377
28 76 377
29 76 377
30 76 377
31 76 377
32 76 377
33 76 377
34 76 377
35 76 377
36 76 377
37 76 377
38 76 377
39 76 377
40 76 376
41 76 376
42 76 376
43 76 375
44 76 377
45 76 376
46 76 375
47 76 376
48 76 376
49 76 376
50 76 375
51 76 373
52 76 377
53 76 376
54 76 374
55 76 372
56 76 375
57 76 375
58 76 374
59 76 374
60 76 374
61 76 374
62 76 374
63 76 374
64 76 374
65 76 376
66 76 373
67 76 377
68 76 376
69 76 374
70 76 376
71 76 376
72 76 376
73 76 374
74 76 374
75 76 374
76 76 375
0 77 377
1 77 377
2 77 377
3 77 377
4 77 377
5 77 377
6 77 377
7 77 377
8 77 377
9 77 377
10 77 377
11 77 377
12 77 377
13 77 377
14 77 377
15 77 377
16 77 377
17 77 377
18 77 377
19 77 377
20 77 377
21 77 377
22 77 377
23 77 377
24 77 377
25 77 377
26 77 377
27 77 377
28 77 377
29 77 377
30 77 377
31 77 377
32 77 377
33 77 377
34 77 377
35 77 377
36 77 377
37 77 377
38 77 377
39 77 377
40 77 376
41 77 376
42 77 376
43 77 376
44 77 377
45 77 376
46 77 376
47 77 376
48 77 377
49 77 375
50 77 375
51 77 374
52 77 376
53 77 374
54 77 375
55 77 375
56 77 374
57 77 375
58 77 377
59 77 375
60 77 374
61 77 376
62 77 374
63 77 376
64 77 374
65 77 375
66 77 376
67 77 376
68 77 375
69 77 374
70 77 374
71 77 376
72 77 375
73 77 374
74 77 374
75 77 375
76 77 372
77 77 373
0 78 377
1 78 377
2 78 377
3 78 377
4 78 377
5 78 377
6 78 377
7 78 377
8 78 377
9 78 377
10 78 377
11 78 377
12 78 377
13 78 377
14 78 377
15 78 377
16 78 377
17 78 377
18 78 377
19 78 377
20 78 377
21 78 377
22 78 377
23 78 377
24 78 377
25 78 377
26 78 377
27 78 377
28 78 377
29 78 377
30 78 377
31 78 377
32 78 377
33 78 377
34 78 377
35 78 377
36 78 377
37 78 377
38 78 377
39 78 377
40 78 377
41 78 375
42 78 376
43 78 376
44 78 376
45 78 377
46 78 377
47 78 377
48 78 376
49 78 376
50 78 377
51 78 374
52 78 374
53 78 375
54 78 374
55 78 375
56 78 375
57 78 375
58 78 374
59 78 375
60 78 377
61 78 375
62 78 376
63 78 374
64 78 374
65 78 372
66 78 374
67 78 374
68 78 373
69 78 374
70 78 375
71 78 376
72 78 376
73 78 377
74 78 374
75 78 375
76 78 371
77 78 375
78 78 374
0 79 377
1 79 377
2 79 377
3 79 377
4 79 377
5 79 377
6 79 377
7 79 377
8 79 377
9 79 377
10 79 377
11 79 377
12 79 377
13 79 377
14 79 377
15 79 377
16 79 377
17 79 377
18 79 377
19 79 377
20 79 377
21 79 377
22 79 377
23 79 377
24 79 377
25 79 377
26 79 377
27 79 377
28 79 377
29 79 377
30 79 377
31 79 377
32 79 377
33 79 377
34 79 377
35 79 377
36 79 377
37 79 377
38 79 377
39 79 377
40 79 376
41 79 376
42 79 376
43 79 375
44 79 376
45 79 377
46 79 376
47 79 376
48 79 376
49 79 375
50 79 374
51 79 374
52 79 374
53 79 372
54 79 375
55 79 372
56 79 373
57 79 375
58 79 374
59 79 375
60 79 374
61 79 375
62 79 375
63 79 374
64 79 376
65 79 376
66 79 372
67 79 374
68 79 375
69 79 374
70 79 375
71 79 374
72 79 372
73 79 374
74 79 373
75 79 375
76 79 376
77 79 375
78 79 375
79 79 376
0 80 377
1 80 377
2 80 377
3 80 377
4 80 377
5 80 377
6 80 377
7 80 377
8 80 377
9 80 377
10 80 377
11 80 377
12 80 377
13 80 377
14 80 377
15 80 377
16 80 377
17 80 377
18 80 377
19 80 377
20 80 377
21 80 377
22 80 377
23 80 377
24 80 377
25 80 377
26 80 377
27 80 377
28 80 377
29 80 377
30 80 377
31 80 377
32 80 377
33 80 377
34 80 377
35 80 377
36 80 377
37 80 377
38 80 377
39 80 377
40 80 377
41 80 377
42 80 377
43 80 377
44 80 377
45 80 377
46 80 377
47 80 377
48 80 377
49 80 377
50 80 376
51 80 376
52 80 377
53 80 377
54 80 376
55 80 377
56 80 376
57 80 376
58 80 376
59 80 376
60 80 376
61 80 375
62 80 375
63 80 377
64 80 376
65 80 375
66 80 376
67 80 375
68 80 376
69 80 376
70 80 376
71 80 375
72 80 376
73 80 376
74 80 377
75 80 374
76 80 376
77 80 376
78 80 377
79 80 376
80 80 377
0 81 377
1 81 377
2 81 377
3 81 377
4 81 377
5 81 377
6 81 377
7 81 377
8 81 377
9 81 377
10 81 377
11 81 377
12 81 377
13 81 377
14 81 377
15 81 377
16 81 377
17 81 377
18 81 377
19 81 377
20 81 377
21 81 377
22 81 377
23 81 377
24 81 377
25 81 377
26 81 377
27 81 377
28 81 377
29 81 377
30 81 377
31 81 377
32 81 377
33 81 377
34 81 377
35 81 377
36 81 377
37 81 377
38 81 377
39 81 377
40 81 377
41 81 377
42 81 377
43 81 377
44 81 377
45 81 377
46 81 377
47 81 377
48 81 377
49 81 377
50 81 376
51 81 374
52 81 376
53 81 374
54 81 376
55 81 376
56 81 375
57 81 376
58 81 377
59 81 376
60 81 377
61 81 377
62 81 376
63 81 375
64 81 376
65 81 374
66 81 375
67 81 377
68 81 377
69 81 376
70 81 376
71 81 376
72 81 376
73 81 375
74 81 376
75 81 376
76 81 375
77 81 375
78 81 375
79 81 374
80 81 374
81 81 376
0 82 377
1 82 377
2 82 377
3 82 377
4 82 377
5 82 377
6 82 377
7 82 377
8 82 377
9 82 377
10 82 377
11 82 377
12 82 377
13 82 377
14 82 377
15 82 377
16 82 377
17 82 377
18 82 377
19 82 377
20 82 377
21 82 377
22 82 377
23 82 377
24 82 377
25 82 377
26 82 377
27 82 377
28 82 377
29 82 377
30 82 377
31 82 377
32 82 377
33 82 377
34 82 377
35 82 377
36 82 377
37 82 377
38 82 377
39 82 377
40 82 377
41 82 377
42 82 377
43 82 377
44 82 377
45 82 377
46 82 377
47 82 377
48 82 377
49 82 377
50 82 375
51 82 376
52 82 376
53 82 375
54 82 376
55 82 375
56 82 375
57 82 377
58 82 376
59 82 376
60 82 377
61 82 376
62 82 376
63 82 375
64 82 376
65 82 377
66 82 376
67 82 375
68 82 377
69 82 377
70 82 377
71 82 376
72 82 376
73 82 377
74 82 377
75 82 376
76 82 375
77 82 374
78 82 376
79 82 374
80 82 374
81 82 377
82 82 376
0 83 377
1 83 377
2 83 377
3 83 377
4 83 377
5 83 377
6 83 377
7 83 377
8 83 377
9 83 377
10 83 377
11 83 377
12 83 377
13 83 377
14 83 377
15 83 377
16 83 377
17 83 377
18 83 377
19 83 377
20 83 377
21 83 377
22 83 377
23 83 377
24 83 377
25 83 377
26 83 377
27 83 377
28 83 377
29 83 377
30 83 377
31 83 377
32 83 377
33 83 377
34 83 377
35 83 377
36 83 377
37 83 377
38 83 377
39 83 377
40 83 377
41 83 377
42 83 377
43 83 377
44 83 377
45 83 377
46 83 377
47 83 377
48 83 377
49 83 377
50 83 377
51 83 377
52 83 376
53 83 375
54 83 377
55 83 376
56 83 376
57 83 377
58 83 377
59 83 376
60 83 376
61 83 376
62 83 374
63 83 375
64 83 375
65 83 376
66 83 375
67 83 377
68 83 377
69 83 374
70 83 375
71 83 375
72 83 376
73 83 375
74 83 375
75 83 377
76 83 377
77 83 376
78 83 376
79 83 377
80 83 377
81 83 374
82 83 375
83 83 377
0 84 377
1 84 377
2 84 377
3 84 377
4 84 377
5 84 377
6 84 377
7 84 377
8 84 377
9 84 377
10 84 377
11 84 377
12 84 377
13 84 377
14 84 377
15 84 377
16 84 377
17 84 377
18 84 377
19 84 377
20 84 377
21 84 377
22 84 377
23 84 377
24 84 377
25 84 377
26 84 377
27 84 377
28 84 377
29 84 377
30 84 377
31 84 377
32 84 377
33 84 377
34 84 377
35 84 377
36 84 377
37 84 377
38 84 377
39 84 377
40 84 377
41 84 377
42 84 377
43 84 377
44 84 377
45 84 377
46 84 377
47 84 377
48 84 377
49 84 377
50 84 377
51 84 377
52 84 377
53 84 377
54 84 377
55 84 377
56 84 377
57 84 377
58 84 377
59 84 377
60 84 377
61 84 377
62 84 377
63 84 377
64 84 377
65 84 377
66 84 377
67 84 377
68 84 377
69 84 377
70 84 377
71 84 377
72 84 377
73 84 377
74 84 377
75 84 377
76 84 377
77 84 377
78 84 377
79 84 377
80 84 377
81 84 377
82 84 377
83 84 377
84 84 377
0 85 377
1 85 377
2 85 377
3 85 377
4 85 377
5 85 377
6 85 377
7 85 377
8 85 377
9 85 377
10 85 377
11 85 377
12 85 377
13 85 377
14 85 377
15 85 377
16 85 377
17 85 377
18 85 377
19 85 377
20 85 377
21 85 377
22 85 377
23 85 377
24 85 377
25 85 377
26 85 377
27 85 377
28 85 377
29 85 377
30 85 377
31 85 377
32 85 377
33 85 377
34 85 377
35 85 377
36 85 377
37 85 377
38 85 377
39 85 377
40 85 377
41 85 377
42 85 377
43 85 377
44 85 377
45 85 377
46 85 377
47 85 377
48 85 377
49 85 377
50 85 377
51 85 377
52 85 377
53 85 377
54 85 377
55 85 377
56 85 377
57 85 377
58 85 377
59 85 377
60 85 377
61 85 377
62 85 377
63 85 377
64 85 377
65 85 377
66 85 377
67 85 377
68 85 377
69 85 377
70 85 377
71 85 377
72 85 377
73 85 377
74 85 377
75 85 377
76 85 377
77 85 377
78 85 377
79 85 377
80 85 377
81 85 377
82 85 377
83 85 377
84 85 377
85 85 377
0 86 377
1 86 377
2 86 377
3 86 377
4 86 377
5 86 377
6 86 377
7 86 377
8 86 377
9 86 377
10 86 377
11 86 377
12 86 377
13 86 377
14 86 377
15 86 377
16 86 377
17 86 377
18 86 377
19 86 377
20 86 377
21 86 377
22 86 377
23 86 377
24 86 377
25 86 377
26 86 377
27 86 377
28 86 377
29 86 377
30 86 377
31 86 377
32 86 377
33 86 377
34 86 377
35 86 377
36 86 377
37 86 377
38 86 377
39 86 377
40 86 377
41 86 377
42 86 377
43 86 377
44 86 377
45 86 377
46 86 377
47 86 377
48 86 377
49 86 377
50 86 377
51 86 377
52 86 377
53 86 377
54 86 377
55 86 377
56 86 377
57 86 377
58 86 377
59 86 377
60 86 377
61 86 377
62 86 377
63 86 377
64 86 377
65 86 377
66 86 377
67 86 377
68 86 377
69 86 377
70 86 377
71 86 377
72 86 377
73 86 377
74 86 377
75 86 377
76 86 377
77 86 377
78 86 377
79 86 377
80 86 377
81 86 377
82 86 377
83 86 377
84 86 377
85 86 377
86 86 377
0 87 377
1 87 377
2 87 377
3 87 377
4 87 377
5 87 377
6 87 377
7 87 377
8 87 377
9 87 377
10 87 377
11 87 377
12 87 377
13 87 377
14 87 377
15 87 377
16 87 377
17 87 377
18 87 377
19 87 377
20 87 377
21 87 377
22 87 377
23 87 377
24 87 377
25 87 377
26 87 377
27 87 377
28 87 377
29 87 377
30 87 377
31 87 377
32 87 377
33 87 377
34 87 377
35 87 377
36 87 377
37 87 377
38 87 377
39 87 377
40 87 377
41 87 377
42 87 377
43 87 377
44 87 377
45 87 377
46 87 377
47 87 377
48 87 377
49 87 377
50 87 377
51 87 377
52 87 377
53 87 377
54 87 377
55 87 377
56 87 377
57 87 377
58 87 377
59 87 377
60 87 377
61 87 377
62 87 377
63 87 377
64 87 377
65 87 377
66 87 377
67 87 377
68 87 377
69 87 377
70 87 377
71 87 377
72 87 377
73 87 377
74 87 377
75 87 377
76 87 377
77 87 377
78 87 377
79 87 377
80 87 377
81 87 377
82 87 377
83 87 377
84 87 377
85 87 377
86 87 377
87 87 377
0 88 377
1 88 377
2 88 377
3 88 377
4 88 377
5 88 377
6 88 377
7 88 377
8 88 377
9 88 377
10 88 377
11 88 377
12 88 377
13 88 377
14 88 377
15 88 377
16 88 377
17 88 377
18 88 377
19 88 377
20 88 377
21 88 377
22 88 377
23 88 377
24 88 377
25 88 377
26 88 377
27 88 377
28 88 377
29 88 377
30 88 377
31 88 377
32 88 377
33 88 377
34 88 377
35 88 377
36 88 377
37 88 377
38 88 377
39 88 377
40 88 377
41 88 377
42 88 377
43 88 377
44 88 377
45 88 377
46 88 377
47 88 377
48 88 377
49 88 377
50 88 377
51 88 377
52 88 377
53 88 377
54 88 377
55 88 377
56 88 377
57 88 377
58 88 377
59 88 377
60 88 377
61 88 377
62 88 377
63 88 377
64 88 377
65 88 377
66 88 377
67 88 377
68 88 377
69 88 377
70 88 377
71 88 377
72 88 377
73 88 377
74 88 377
75 88 377
76 88 377
77 88 377
78 88 377
79 88 377
80 88 377
81 88 377
82 88 377
83 88 377
84 88 377
85 88 377
86 88 377
87 88 377
88 88 377
0 89 377
1 89 377
2 89 377
3 89 377
4 89 377
5 89 377
6 89 377
7 89 377
8 89 377
9 89 377
10 89 377
11 89 377
12 89 377
13 89 377
14 89 377
15 89 377
16 89 377
17 89 377
18 89 377
19 89 377
20 89 377
21 89 377
22 89 377
23 89 377
24 89 377
25 89 377
26 89 377
27 89 377
28 89 377
29 89 377
30 89 377
31 89 377
32 89 377
33 89 377
34 89 377
35 89 377
36 89 377
37 89 377
38 89 377
39 89 377
40 89 377
41 89 377
42 89 377
43 89 377
44 89 377
45 89 377
46 89 377
47 89 377
48 89 377
49 89 377
50 89 377
51 89 377
52 89 377
53 89 377
54 89 377
55 89 377
56 89 377
57 89 377
58 89 377
59 89 377
60 89 377
61 89 377
62 89 377
63 89 377
64 89 377
65 89 377
66 89 377
67 89 377
68 89 377
69 89 377
70 89 377
71 89 377
72 89 377
73 89 377
74 89 377
75 89 377
76 89 377
77 89 377
78 89 377
79 89 377
80 89 377
81 89 377
82 89 377
83 89 377
84 89 377
85 89 377
86 89 377
87 89 377
88 89 377
89 89 377
0 90 377
1 90 377
2 90 377
3 90 377
4 90 377
5 90 377
6 90 377
7 90 377
8 90 377
9 90 377
10 90 377
11 90 377
12 90 377
13 90 377
14 90 377
15 90 377
16 90 377
17 90 377
18 90 377
19 90 377
20 90 377
21 90 377
22 90 377
23 90 377
24 90 377
25 90 377
26 90 377
27 90 377
28 90 377
29 90 377
30 90 377
31 90 377
32 90 377
33 90 377
34 90 377
35 90 377
36 90 377
37 90 377
38 90 377
39 90 377
40 90 377
41 90 377
42 90 377
43 90 377
44 90 377
45 90 377
46 90 377
47 90 377
48 90 377
49 90 377
50 90 377
51 90 377
52 90 377
53 90 377
54 90 377
55 90 377
56 90 377
57 90 377
58 90 377
59 90 377
60 90 377
61 90 377
62 90 377
63 90 377
64 90 377
65 90 377
66 90 377
67 90 377
68 90 377
69 90 377
70 90 377
71 90 377
72 90 377
73 90 377
74 90 377
75 90 377
76 90 377
77 90 377
78 90 377
79 90 377
80 90 377
81 90 377
82 90 377
83 90 377
84 90 377
85 90 377
86 90 377
87 90 377
88 90 377
89 90 377
90 90 377
0 91 377
1 91 377
2 91 377
3 91 377
4 91 377
5 91 377
6 91 377
7 91 377
8 91 377
9 91 377
10 91 377
11 91 377
12 91 377
13 91 377
14 91 377
15 91 377
16 91 377
17 91 377
18 91 377
19 91 377
20 91 377
21 91 377
22 91 377
23 91 377
24 91 377
25 91 377
26 91 377
27 91 377
28 91 377
29 91 377
30 91 377
31 91 377
32 91 377
33 91 377
34 91 377
35 91 377
36 91 377
37 91 377
38 91 377
39 91 377
40 91 377
41 91 377
42 91 377
43 91 377
44 91 377
45 91 377
46 91 377
47 91 377
48 91 377
49 91 377
50 91 377
51 91 377
52 91 377
53 91 377
54 91 377
55 91 377
56 91 377
57 91 377
58 91 377
59 91 377
60 91 377
61 91 377
62 91 377
63 91 377
64 91 377
65 91 377
66 91 377
67 91 377
68 91 377
69 91 377
70 91 377
71 91 377
72 91 377
73 91 377
74 91 377
75 91 377
76 91 377
77 91 377
78 91 377
79 91 377
80 91 377
81 91 377
82 91 377
83 91 377
84 91 377
85 91 377
86 91 377
87 91 377
88 91 377
89 91 377
90 91 377
91 91 377
0 92 377
1 92 377
2 92 377
3 92 377
4 92 377
5 92 377
6 92 377
7 92 377
8 92 377
9 92 377
10 92 377
11 92 377
12 92 377
13 92 377
14 92 377
15 92 377
16 92 377
17 92 377
18 92 377
19 92 377
20 92 377
21 92 377
22 92 377
23 92 377
24 92 377
25 92 377
26 92 377
27 92 377
28 92 377
29 92 377
30 92 377
31 92 377
32 92 377
33 92 377
34 92 377
35 92 377
36 92 377
37 92 377
38 92 377
39 92 377
40 92 377
41 92 377
42 92 377
43 92 377
44 92 377
45 92 377
46 92 377
47 92 377
48 92 377
49 92 377
50 92 377
51 92 377
52 92 377
53 92 377
54 92 377
55 92 377
56 92 377
57 92 377
58 92 377
59 92 377
60 92 377
61 92 377
62 92 377
63 92 377
64 92 377
65 92 377
66 92 377
67 92 377
68 92 377
69 92 377
70 92 377
71 92 377
72 92 377
73 92 377
74 92 377
75 92 377
76 92 377
77 92 377
78 92 377
79 92 377
80 92 377
81 92 377
82 92 377
83 92 377
84 92 377
85 92 377
86 92 377
87 92 377
88 92 377
89 92 377
90 92 377
91 92 377
92 92 377
0 93 377
1 93 377
2 93 377
3 93 377
4 93 377
5 93 377
6 93 377
7 93 377
8 93 377
9 93 377
10 93 377
11 93 377
12 93 377
13 93 377
14 93 377
15 93 377
16 93 377
17 93 377
18 93 377
19 93 377
20 93 377
21 93 377
22 93 377
23 93 377
24 93 377
25 93 377
26 93 377
27 93 377
28 93 377
29 93 377
30 93 377
31 93 377
32 93 377
33 93 377
34 93 377
35 93 377
36 93 377
37 93 377
38 93 377
39 93 377
40 93 377
41 93 377
42 93 377
43 93 377
44 93 377
45 93 377
46 93 377
47 93 377
48 93 377
49 93 377
50 93 377
51 93 377
52 93 377
53 93 377
54 93 377
55 93 377
56 93 377
57 93 377
58 93 377
59 93 377
60 93 377
61 93 377
62 93 377
63 93 377
64 93 377
65 93 377
66 93 377
67 93 377
68 93 377
69 93 377
70 93 377
71 93 377
72 93 377
73 93 377
74 93 377
75 93 377
76 93 377
77 93 377
78 93 377
79 93 377
80 93 377
81 93 377
82 93 377
83 93 377
84 93 377
85 93 377
86 93 377
87 93 377
88 93 377
89 93 377
90 93 377
91 93 377
92 93 377
93 93 377
0 94 377
1 94 377
2 94 377
3 94 377
4 94 377
5 94 377
6 94 377
7 94 377
8 94 377
9 94 377
10 94 377
11 94 377
12 94 377
13 94 377
14 94 377
15 94 377
16 94 377
17 94 377
18 94 377
19 94 377
20 94 377
21 94 377
22 94 377
23 94 377
24 94 377
25 94 377
26 94 377
27 94 377
28 94 377
29 94 377
30 94 377
31 94 377
32 94 377
33 94 377
34 94 377
35 94 377
36 94 377
37 94 377
38 94 377
39 94 377
40 94 377
41 94 377
42 94 377
43 94 377
44 94 377
45 94 377
46 94 377
47 94 377
48 94 377
49 94 377
50 94 377
51 94 377
52 94 377
53 94 377
54 94 377
55 94 377
56 94 377
57 94 377
58 94 377
59 94 377
60 94 377
61 94 377
62 94 377
63 94 377
64 94 377
65 94 377
66 94 377
67 94 377
68 94 377
69 94 377
70 94 377
71 94 377
72 94 377
73 94 377
74 94 377
75 94 377
76 94 377
77 94 377
78 94 377
79 94 377
80 94 377
81 94 377
82 94 377
83 94 377
84 94 377
85 94 377
86 94 377
87 94 377
88 94 377
89 94 377
90 94 377
91 94 377
92 94 377
93 94 377
94 94 377
0 95 377
1 95 377
2 95 377
3 95 377
4 95 377
5 95 377
6 95 377
7 95 377
8 95 377
9 95 377
10 95 377
11 95 377
12 95 377
13 95 377
14 95 377
15 95 377
16 95 377
17 95 377
18 95 377
19 95 377
20 95 377
21 95 377
22 95 377
23 95 377
24 95 377
25 95 377
26 95 377
27 95 377
28 95 377
29 95 377
30 95 377
31 95 377
32 95 377
33 95 377
34 95 377
35 95 377
36 95 377
37 95 377
38 95 377
39 95 377
40 95 377
41 95 377
42 95 377
43 95 377
44 95 377
45 95 377
46 95 377
47 95 377
48 95 377
49 95 377
50 95 377
51 95 377
52 95 377
53 95 377
54 95 377
55 95 377
56 95 377
57 95 377
58 95 377
59 95 377
60 95 377
61 95 377
62 95 377
63 95 377
64 95 377
65 95 377
66 95 377
67 95 377
68 95 377
69 95 377
70 95 377
71 95 377
72 95 377
73 95 377
74 95 377
75 95 377
76 95 377
77 95 377
78 95 377
79 95 377
80 95 377
81 95 377
82 95 377
83 95 377
84 95 377
85 95 377
86 95 377
87 95 377
88 95 377
89 95 377
90 95 377
91 95 377
92 95 377
93 95 377
94 95 377
95 95 377
0 96 377
1 96 377
2 96 377
3 96 377
4 96 377
5 96 377
6 96 377
7 96 377
8 96 377
9 96 377
10 96 377
11 96 377
12 96 377
13 96 377
14 96 377
15 96 377
16 96 377
17 96 377
18 96 377
19 96 377
20 96 377
21 96 377
22 96 377
23 96 377
24 96 377
25 96 377
26 96 377
27 96 377
28 96 377
29 96 377
30 96 377
31 96 377
32 96 377
33 96 377
34 96 377
35 96 377
36 96 377
37 96 377
38 96 377
39 96 377
40 96 377
41 96 377
42 96 377
43 96 377
44 96 377
45 96 377
46 96 377
47 96 377
48 96 377
49 96 377
50 96 377
51 96 377
52 96 377
53 96 377
54 96 377
55 96 377
56 96 377
57 96 377
58 96 377
59 96 377
60 96 377
61 96 377
62 96 377
63 96 377
64 96 377
65 96 377
66 96 377
67 96 377
68 96 377
69 96 377
70 96 377
71 96 377
72 96 377
73 96 377
74 96 377
75 96 377
76 96 377
77 96 377
78 96 377
79 96 377
80 96 377
81 96 377
82 96 377
83 96 377
84 96 377
85 96 377
86 96 377
87 96 377
88 96 377
89 96 377
90 96 377
91 96 377
92 96 377
93 96 377
94 96 377
95 96 377
96 96 377
0 97 377
1 97 377
2 97 377
3 97 377
4 97 377
5 97 377
6 97 377
7 97 377
8 97 377
9 97 377
10 97 377
11 97 377
12 97 377
13 97 377
14 97 377
15 97 377
16 97 377
17 97 377
18 97 377
19 97 377
20 97 377
21 97 377
22 97 377
23 97 377
24 97 377
25 97 377
26 97 377
27 97 377
28 97 377
29 97 377
30 97 377
31 97 377
32 97 377
33 97 377
34 97 377
35 97 377
36 97 377
37 97 377
38 97 377
39 97 377
40 97 377
41 97 377
42 97 377
43 97 377
44 97 377
45 97 377
46 97 377
47 97 377
48 97 377
49 97 377
50 97 377
51 97 377
52 97 377
53 97 377
54 97 377
55 97 377
56 97 377
57 97 377
58 97 377
59 97 377
60 97 377
61 97 377
62 97 377
63 97 377
64 97 377
65 97 377
66 97 377
67 97 377
68 97 377
69 97 377
70 97 377
71 97 377
72 97 377
73 97 377
74 97 377
75 97 377
76 97 377
77 97 377
78 97 377
79 97 377
80 97 377
81 97 377
82 97 377
83 97 377
84 97 377
85 97 377
86 97 377
87 97 377
88 97 377
89 97 377
90 97 377
91 97 377
92 97 377
93 97 377
94 97 377
95 97 377
96 97 377
97 97 377
0 98 377
1 98 377
2 98 377
3 98 377
4 98 377
5 98 377
6 98 377
7 98 377
8 98 377
9 98 377
10 98 377
11 98 377
12 98 377
13 98 377
14 98 377
15 98 377
16 98 377
17 98 377
18 98 377
19 98 377
20 98 377
21 98 377
22 98 377
23 98 377
24 98 377
25 98 377
26 98 377
27 98 377
28 98 377
29 98 377
30 98 377
31 98 377
32 98 377
33 98 377
34 98 377
35 98 377
36 98 377
37 98 377
38 98 377
39 98 377
40 98 377
41 98 377
42 98 377
43 98 377
44 98 377
45 98 377
46 98 377
47 98 377
48 98 377
49 98 377
50 98 377
51 98 377
52 98 377
53 98 377
54 98 377
55 98 377
56 98 377
57 98 377
58 98 377
59 98 377
60 98 377
61 98 377
62 98 377
63 98 377
64 98 377
65 98 377
66 98 377
67 98 377
68 98 377
69 98 377
70 98 377
71 98 377
72 98 377
73 98 377
74 98 377
75 98 377
76 98 377
77 98 377
78 98 377
79 98 377
80 98 377
81 98 377
82 98 377
83 98 377
84 98 377
85 98 377
86 98 377
87 98 377
88 98 377
89 98 377
90 98 377
91 98 377
92 98 377
93 98 377
94 98 377
95 98 377
96 98 377
97 98 377
98 98 377
0 99 377
1 99 377
2 99 377
3 99 377
4 99 377
5 99 377
6 99 377
7 99 377
8 99 377
9 99 377
10 99 377
11 99 377
12 99 377
13 99 377
14 99 377
15 99 377
16 99 377
17 99 377
18 99 377
19 99 377
20 99 377
21 99 377
22 99 377
23 99 377
24 99 377
25 99 377
26 99 377
27 99 377
28 99 377
29 99 377
30 99 377
31 99 377
32 99 377
33 99 377
34 99 377
35 99 377
36 99 377
37 99 377
38 99 377
39 99 377
40 99 377
41 99 377
42 99 377
43 99 377
44 99 377
45 99 377
46 99 377
47 99 377
48 99 377
49 99 377
50 99 377
51 99 377
52 99 377
53 99 377
54 99 377
55 99 377
56 99 377
57 99 377
58 99 377
59 99 377
60 99 377
61 99 377
62 99 377
63 99 377
64 99 377
65 99 377
66 99 377
67 99 377
68 99 377
69 99 377
70 99 377
71 99 377
72 99 377
73 99 377
74 99 377
75 99 377
76 99 377
77 99 377
78 99 377
79 99 377
80 99 377
81 99 377
82 99 377
83 99 377
84 99 377
85 99 377
86 99 377
87 99 377
88 99 377
89 99 377
90 99 377
91 99 377
92 99 377
93 99 377
94 99 377
95 99 377
96 99 377
97 99 377
98 99 377
99 99 377
0 100 377
1 100 377
2 100 377
3 100 377
4 100 377
5 100 377
6 100 377
7 100 377
8 100 377
9 100 377
10 100 377
11 100 377
12 100 377
13 100 377
14 100 377
15 100 377
16 100 377
17 100 377
18 100 377
19 100 377
20 100 377
21 100 377
22 100 377
23 100 377
24 100 377
25 100 377
26 100 377
27 100 377
28 100 377
29 100 377
30 100 377
31 100 377
32 100 377
33 100 377
34 100 377
35 100 377
36 100 377
37 100 377
38 100 377
39 100 377
40 100 377
41 100 377
42 100 377
43 100 377
44 100 377
45 100 377
46 100 377
47 100 377
48 100 377
49 100 377
50 100 377
51 100 377
52 100 377
53 100 377
54 100 377
55 100 377
56 100 377
57 100 377
58 100 377
59 100 377
60 100 377
61 100 377
62 100 377
63 100 377
64 100 377
65 100 377
66 100 377
67 100 377
68 100 377
69 100 377
70 100 377
71 100 377
72 100 377
73 100 377
74 100 377
75 100 377
76 100 377
77 100 377
78 100 377
79 100 377
80 100 377
81 100 377
82 100 377
83 100 377
84 100 377
85 100 377
86 100 377
87 100 377
88 100 377
89 100 377
90 100 377
91 100 377
92 100 377
93 100 377
94 100 377
95 100 377
96 100 377
97 100 377
98 100 377
99 100 377
100 100 377
