1 72
1 72
1 72
1 72
1 72
2 108
2 108
2 108
2 108
2 108
3 61
3 61
3 61
3 61
3 61
4 103
4 163
4 160
4 160
4 103
5 256
5 226
5 154
5 197
5 157
6 350
6 427
6 385
6 325
6 256
7 458
7 473
7 367
7 433
7 448
8 469
8 603
8 625
8 472
8 330
9 845
9 625
9 842
9 944
9 818
10 1112
10 1376
10 720
10 840
10 1163
11 1174
11 1591
11 1403
11 1397
11 1229
12 1179
12 1457
12 2116
12 2082
12 1392
13 1745
13 1423
13 2253
13 2931
13 2224
14 1282
14 2354
14 1684
14 2168
14 2233
15 2336
15 2769
15 2256
15 3108
15 2880
16 3935
16 3217
16 4540
16 5095
16 3422
17 3054
17 3320
17 3988
17 4733
17 3449
18 6009
18 5511
18 3375
18 4831
18 3999
19 4435
19 5565
19 7104
19 4506
19 4814
20 8641
20 8537
20 5692
20 7323
20 6235
