1 72
1 72
1 72
1 72
1 72
2 108
2 108
2 108
2 108
2 108
3 61
3 61
3 61
3 61
3 61
4 103
4 106
4 103
4 103
4 103
5 229
5 229
5 232
5 226
5 229
6 424
6 412
6 374
6 477
6 424
7 695
7 460
7 694
7 646
7 677
8 778
8 911
8 917
8 908
8 912
9 1121
9 1109
9 1086
9 1098
9 1060
10 1806
10 1473
10 1407
10 1407
10 1830
11 1772
11 1946
11 1871
11 2064
11 2431
12 2819
12 2678
12 2726
12 2549
12 2317
13 2904
13 2472
13 3037
13 2790
13 2770
14 3566
14 3846
14 3581
14 3337
14 3098
15 5544
15 3817
15 3680
15 3907
15 3605
16 4430
16 4541
16 4451
16 5929
16 5461
17 7242
17 6711
17 6403
17 6256
17 5888
18 7535
18 6969
18 7173
18 9133
18 7353
19 9523
19 8429
19 9730
19 9046
19 8474
20 10520
20 11484
20 10795
20 8543
20 11496
