Mejores puntajes:
  213:
    (0,1;200000000,5,50)
  202:
    (0,1;200000000,5,43)
    (0,1;200000000,5,44)
    (0,1;200000000,5,45)
    (0,1;200000000,5,46)
    (0,1;200000000,5,47)
    (0,1;200000000,5,48)
    (0,1;200000000,5,49)
  196:
    (0,1;200000000,5,40)
    (0,1;200000000,5,41)
    (0,1;200000000,5,42)
  175:
    (0,1;200000000,5,38)
    (0,1;200000000,5,39)
  170:
    (0,1;200000000,5,29)
    (0,1;200000000,5,30)
    (0,1;200000000,5,31)
    (0,1;200000000,5,32)
    (0,1;200000000,5,33)
Me quede con: (0,1;200000000,5,50)
