0 10368
0 10368
0 10368
0 10368
0 10368
0 2879
0 1205
0 3739
0 2220
0 2343
1 10586
1 6394
1 2774
1 10998
1 10974
2 16587
2 8553
2 16131
2 10370
2 9827
3 22860
3 21258
3 11264
3 24880
3 23113
5 27877
5 16452
5 10635
5 23507
5 17573
5 68622
5 19922
5 20885
5 16348
5 18720
6 20363
6 24184
6 26893
6 22069
6 23069
7 19692
7 23153
7 29981
7 25447
7 33592
8 22372
8 28375
8 197324
8 24635
8 25883
10 24847
10 95941
10 445363
10 59661
10 180413
10 146477
10 30322
10 72136
10 28396
10 361059
11 743053
11 14555
11 94058
11 371263
11 195882
12 633995
12 18664
12 243110
12 22586
12 248036
13 243993
13 798220
13 313879
13 194498
13 67374
15 28359
15 1214399
15 269146
15 1241737
15 240148
15 83930
15 357053
15 53674
15 519279
15 655062
16 633747
16 607914
16 1527558
16 911531
16 1061833
17 853088
17 898071
17 1113916
17 243364
17 859663
18 1336029
18 654739
18 1043567
18 1155364
18 1040325
20 1023120
20 134244
20 1134062
20 1583175
20 1348031
20 448717
20 537394
20 1481782
20 894825
20 1578729
21 1779421
21 1759880
21 2138254
21 1647385
21 746855
22 857216
22 1193344
22 859458
22 1254258
22 339014
23 1557958
23 1342596
23 1097843
23 1317476
23 1583259
25 1079335
25 1749677
25 1566338
25 1453241
25 1326566
25 1734512
25 1797778
25 2084612
25 1799981
25 1067105
26 1303439
26 1313657
26 1651818
26 1269924
26 1471490
27 2651195
27 1282931
27 861029
27 978868
27 1883376
28 1837829
28 1746879
28 1500651
28 1200712
28 1410350
30 1675674
30 2251691
30 1567103
30 2263685
30 1703619
30 1737612
30 2146995
30 1474892
30 1928292
30 2083971
31 2916659
31 1802004
31 1892455
31 1937110
31 1920022
32 1654914
32 1975649
32 1796155
32 2121152
32 2764915
33 1460977
33 1556566
33 1929825
33 2125249
33 2349791
35 1332422
35 2673727
35 1770691
35 2673219
35 2387281
35 2193172
35 1221466
35 1702443
35 1816537
35 1312502
36 2181734
36 1261057
36 2895503
36 1080423
36 1285153
37 1728471
37 2785790
37 2444024
37 1760594
37 1313242
38 1858328
38 1343184
38 1878536
38 1377626
38 1423261
40 1612035
40 2331377
40 2968959
40 1303696
40 1643949
40 1895568
40 1462492
40 2163162
40 1728662
40 2177177
41 2346705
41 1310408
41 937599
41 1512814
41 2109975
42 1056094
42 2019713
42 1533844
42 1259436
42 1597518
43 2451331
43 2581103
43 1354066
43 1006754
43 2948516
45 1714476
45 1072510
45 1531793
45 1989292
45 1981579
45 1007154
45 1760142
45 1691316
45 1066401
45 2434584
46 1332268
46 1017087
46 1708555
46 1244882
46 2067683
47 2208743
47 1879987
47 1307578
47 1389719
47 1467373
48 1961164
48 2322324
48 1309334
48 2163504
48 2190375
50 2113620
50 1707318
50 1606999
50 2119426
50 1292015
50 1511952
50 1254887
50 1038395
50 1380052
50 1844482
51 2137180
51 1741559
51 1713574
51 1174588
51 1716612
52 2122557
52 1710672
52 1598876
52 1598306
52 1422195
53 1788282
53 1240571
53 1856125
53 1869429
53 1272992
55 1267804
55 1157621
55 1868398
55 1393813
55 1099746
55 2254903
55 1137244
55 2847563
55 1948265
55 2962351
56 1298262
56 1554710
56 2044192
56 1714502
56 1152067
57 2218579
57 1936877
57 1688529
57 1306573
57 1297198
58 1302968
58 1342753
58 1637120
58 1643928
58 1124577
60 2682912
60 1178593
60 2080066
60 2028632
60 1884538
60 2997755
60 2002328
60 1669526
60 1445410
60 2039868
61 1541600
61 1520150
61 2703934
61 1607635
61 1487767
62 1375072
62 934068
62 1565034
62 1539855
62 1331976
63 1693276
63 1322382
63 1345497
63 1521049
63 1850347
65 2054417
65 1305890
65 1947702
65 2108364
65 1768806
65 1897200
65 1178304
65 1377867
65 1415949
65 1365354
66 2100315
66 1751671
66 1856671
66 2455799
66 1413785
67 1866480
67 1366313
67 1703402
67 1542298
67 2028861
68 1349062
68 1867749
68 1469360
68 1173762
68 1636545
70 1324096
70 2174031
70 1444002
70 1094093
70 1141345
70 1199122
70 1358399
70 1292763
70 1000281
70 1180021
71 1169539
71 2513795
71 1245627
71 1630177
71 1635852
72 1457835
72 1425637
72 1246348
72 1913949
72 2501570
73 1592771
73 1673835
73 1241889
73 1244729
73 1660809
75 2486963
75 1521419
75 1143628
75 1485392
75 1066523
75 2180426
75 2067612
75 1468582
75 1498374
75 1597823
76 1441165
76 1635931
76 1811760
76 1192715
76 1374855
77 1114099
77 1513043
77 1327717
77 1022839
77 1704520
78 1710849
78 1393760
78 1856433
78 1232422
78 1262525
80 1334290
80 1151501
80 1292022
80 1425878
80 1404219
80 1464963
80 1701014
80 1450193
80 1318842
80 1616017
81 1463822
81 1187709
81 1327991
81 2518628
81 1439144
82 2051952
82 1168307
82 1954474
82 2127227
82 1789133
83 1343163
83 1115194
83 1191938
83 1325464
83 1657765
85 2113996
85 2003796
85 1992510
85 1952415
85 1196437
85 2039842
85 1221808
85 1484459
85 1131442
85 1866150
86 1333004
86 1872664
86 1346592
86 1068859
86 2266176
87 1159686
87 1324787
87 1208420
87 1996007
87 1666144
88 2254213
88 1278033
88 1275873
88 2022239
88 1302116
90 1950248
90 1525555
90 2113087
90 1245444
90 1341970
90 1136923
90 1650133
90 1302490
90 1556044
90 1272506
91 1235449
91 1761087
91 2175978
91 1262099
91 1228629
92 1220216
92 2252413
92 1202584
92 1058372
92 1168167
93 1299124
93 1325226
93 1189074
93 1342944
93 1210484
95 1311236
95 1205536
95 1239084
95 1293829
95 1239735
95 1337611
95 1253321
95 1238074
95 1540261
95 1290807
96 1509109
96 1492506
96 1629241
96 1529218
96 1653650
97 1604679
97 1602786
97 1624727
97 1695578
97 1554908
98 1662904
98 1554520
98 1561237
98 1699449
98 1768443
100 1435155
100 1461897
100 1421262
100 1491528
100 1444995
