0 168
0 168
0 168
0 168
0 168
0 2167
0 1561
0 2701
0 2033
0 1497
1 7200
1 9273
1 4352
1 8368
1 9503
2 9502
2 7268
2 5549
2 6716
2 17806
3 12468
3 7974
3 16775
3 22711
3 23539
5 33157
5 19757
5 7337
5 125276
5 69002
5 121556
5 22884
5 22949
5 26003
5 27780
6 53673
6 35105
6 24382
6 95255
6 25558
7 20152
7 68097
7 25180
7 325227
7 38239
8 25839
8 23802
8 318122
8 18666
8 23388
10 18950
10 24715
10 124939
10 181224
10 189896
10 294570
10 331309
10 427871
10 419765
10 104422
11 291785
11 79948
11 80861
11 478508
11 22686
12 449198
12 25553
12 129805
12 27434
12 1050481
13 569719
13 630169
13 878975
13 819370
13 247494
15 308280
15 1181696
15 1388501
15 862967
15 772009
15 49315
15 559642
15 219018
15 726197
15 413004
16 421100
16 854793
16 766769
16 1009203
16 1065291
17 1485246
17 494253
17 1333524
17 526273
17 678617
18 1195556
18 2009992
18 2027902
18 1636250
18 1654068
20 1368369
20 622885
20 1948668
20 2185242
20 1099951
20 1060126
20 1807489
20 2184577
20 1299836
20 2151476
21 1015796
21 1627346
21 2591881
21 1953542
21 2333390
22 2065896
22 2498704
22 928733
22 2029882
22 1837595
23 1443130
23 1828698
23 1994507
23 1560874
23 1838813
25 855807
25 2296839
25 2489672
25 1420728
25 2023951
25 1196363
25 1062720
25 2629615
25 2289702
25 2554394
26 1426373
26 2176303
26 2235185
26 2387563
26 3073379
27 1334377
27 2191819
27 1892095
27 1490507
27 2815217
28 2091173
28 1990280
28 2287445
28 3787468
28 2977688
30 2439930
30 2338727
30 1828159
30 3223539
30 2042111
30 1461520
30 2593968
30 1401517
30 1544301
30 2732099
31 1758583
31 2151415
31 1482182
31 3238606
31 1928996
32 2327290
32 2125578
32 1457413
32 1908208
32 1869638
33 1851149
33 2421284
33 2762599
33 1503249
33 1716856
35 2014757
35 2753439
35 2915063
35 2769832
35 1533350
35 2381510
35 2011908
35 2204336
35 1516162
35 1810632
36 1789134
36 1931597
36 3563888
36 2754468
36 2980964
37 2242376
37 2034071
37 1401259
37 2557072
37 1641070
38 1309916
38 1098428
38 1393266
38 2437313
38 2015818
40 2139443
40 2185891
40 1227633
40 1977006
40 1271706
40 2329689
40 2656083
40 1649396
40 2780933
40 1431691
41 1718720
41 1746673
41 3326896
41 1080386
41 1520175
42 2733515
42 1089667
42 1328557
42 1454040
42 1482214
43 1332700
43 1175830
43 988479
43 1969417
43 1725998
45 1205793
45 2506138
45 1534462
45 2806835
45 2604174
45 1792884
45 1519277
45 1579917
45 2342002
45 2085798
46 2613278
46 2232048
46 2409397
46 1797987
46 1926026
47 1305801
47 2255347
47 2777981
47 2627060
47 1806513
48 3243793
48 2209005
48 1630784
48 2045404
48 1757417
50 1616169
50 1028199
50 1977926
50 1712456
50 2800515
50 2484023
50 1096454
50 1454304
50 2554223
50 978785
51 2148679
51 1108804
51 1497675
51 1656761
51 3086890
52 1893496
52 2578573
52 3446424
52 2745700
52 1891912
53 1545406
53 3169043
53 2340659
53 1967926
53 2301260
55 1213629
55 1120205
55 1149895
55 1186337
55 2417117
55 1670037
55 2360005
55 2802249
55 2407732
55 1775024
56 3177930
56 1637543
56 1423501
56 2054296
56 1925530
57 1860757
57 1540979
57 1973243
57 2657149
57 1763877
58 1385562
58 1150277
58 1486157
58 2545024
58 1869855
60 1198670
60 1282054
60 1617724
60 2241177
60 1801229
60 2294610
60 1119630
60 1743056
60 1449766
60 1968899
61 2534962
61 1066766
61 1282124
61 2002311
61 2119377
62 1773525
62 2012663
62 1261767
62 1491821
62 1722282
63 2745713
63 1771340
63 2955893
63 3372298
63 1973383
65 1763407
65 1060120
65 981578
65 2596465
65 1859695
65 2040821
65 1737625
65 2222672
65 2010203
65 1915728
66 1144034
66 1372202
66 1769288
66 1871413
66 2550048
67 1403196
67 2530878
67 1401112
67 1307391
67 1718865
68 1115136
68 2234684
68 2311023
68 2175271
68 2335985
70 1471494
70 1965767
70 2036794
70 2246309
70 1227008
70 2259733
70 1756226
70 1180931
70 1165178
70 1895482
71 1467814
71 2143292
71 2846081
71 1180920
71 2584056
72 1125160
72 1189778
72 906997
72 2631401
72 2273734
73 1220144
73 1553943
73 1967293
73 1426323
73 2167042
75 1465247
75 1562263
75 1453085
75 1709556
75 1835415
75 1260705
75 1177398
75 2143582
75 1076835
75 2534270
76 2866376
76 1018735
76 1230932
76 1693463
76 2040805
77 1985939
77 1395843
77 1493925
77 1499882
77 1753178
78 2226759
78 1784203
78 1386506
78 1094774
78 1823797
80 1659611
80 2381212
80 1104225
80 2043394
80 1515104
80 1319030
80 2267667
80 2641111
80 1413689
80 1286315
81 2329283
81 1610366
81 1534449
81 1638868
81 1348808
82 1896427
82 1367891
82 974233
82 1686417
82 2222686
83 2202987
83 2202227
83 1096956
83 1830351
83 1741057
85 1229955
85 1280823
85 2663947
85 1947751
85 2334289
85 1166106
85 1244193
85 2583416
85 1964664
85 1566398
86 1218110
86 1142286
86 1978341
86 2160544
86 1452432
87 1126038
87 1423222
87 1459477
87 2312239
87 2078335
88 1349250
88 1357044
88 1604017
88 1223298
88 1946617
90 1767523
90 2200980
90 1688404
90 1266409
90 1517904
90 1236659
90 1354253
90 2351552
90 1436471
90 1342611
91 1435834
91 1175532
91 1545803
91 1436829
91 1577840
92 1383616
92 1404057
92 1972477
92 1386334
92 1237220
93 1565533
93 1573642
93 1502894
93 1283884
93 1166460
95 1182933
95 1519951
95 1635582
95 1576772
95 2322445
95 1142179
95 1601159
95 1764418
95 1726297
95 1683429
96 2077679
96 1249991
96 1193665
96 1223162
96 2087680
97 2082810
97 2372278
97 2287947
97 1114525
97 2230755
98 2636050
98 1056174
98 2459994
98 2579349
98 2704108
100 1436609
100 1453781
100 1357454
100 1482560
100 1394738
