0 1 1560
0 2 1560
0 3 1560
0 4 1560
0 5 1560
0 6 1432
0 7 1385
0 8 1182
0 9 937
0 10 872
0 11 686
0 12 639
0 13 594
0 14 559
0 15 555
0 16 538
0 17 525
0 18 519
0 19 507
0 20 500
0 21 503
0 22 494
0 23 489
0 24 485
0 25 475
0 26 475
0 27 475
0 28 479
0 29 477
0 30 472
0 31 468
0 32 468
0 33 468
0 34 463
0 35 459
0 36 459
0 37 459
0 38 451
0 39 453
0 40 453
0 41 453
0 42 453
0 43 449
0 44 449
0 45 446
0 46 446
0 47 446
0 48 446
0 49 446
0 50 446
0 51 446
0 52 446
0 53 446
0 54 446
0 55 446
0 56 446
0 57 446
0 58 446
0 59 446
0 60 446
0 61 446
0 62 446
0 63 446
0 64 446
0 65 446
0 66 446
0 67 446
0 68 446
0 69 446
0 70 446
0 71 446
0 72 446
0 73 446
0 74 446
0 75 446
0 76 446
0 77 446
0 78 446
0 79 446
0 80 446
0 81 446
0 82 446
0 83 446
0 84 446
0 85 446
0 86 446
0 87 446
0 88 446
0 89 446
0 90 446
0 91 446
0 92 446
0 93 446
0 94 446
0 95 446
0 96 446
0 97 446
0 98 446
0 99 446
0 100 446
1 2 1560
1 3 1560
1 4 1560
1 5 1560
1 6 1432
1 7 1385
1 8 1182
1 9 937
1 10 872
1 11 686
1 12 639
1 13 594
1 14 559
1 15 555
1 16 538
1 17 525
1 18 519
1 19 507
1 20 500
1 21 503
1 22 494
1 23 489
1 24 485
1 25 475
1 26 475
1 27 475
1 28 479
1 29 477
1 30 472
1 31 468
1 32 468
1 33 468
1 34 463
1 35 459
1 36 459
1 37 459
1 38 451
1 39 453
1 40 453
1 41 453
1 42 453
1 43 449
1 44 449
1 45 446
1 46 446
1 47 446
1 48 446
1 49 446
1 50 446
1 51 446
1 52 446
1 53 446
1 54 446
1 55 446
1 56 446
1 57 446
1 58 446
1 59 446
1 60 446
1 61 446
1 62 446
1 63 446
1 64 446
1 65 446
1 66 446
1 67 446
1 68 446
1 69 446
1 70 446
1 71 446
1 72 446
1 73 446
1 74 446
1 75 446
1 76 446
1 77 446
1 78 446
1 79 446
1 80 446
1 81 446
1 82 446
1 83 446
1 84 446
1 85 446
1 86 446
1 87 446
1 88 446
1 89 446
1 90 446
1 91 446
1 92 446
1 93 446
1 94 446
1 95 446
1 96 446
1 97 446
1 98 446
1 99 446
1 100 446
2 3 1560
2 4 1560
2 5 1560
2 6 1432
2 7 1385
2 8 1182
2 9 937
2 10 872
2 11 686
2 12 639
2 13 594
2 14 559
2 15 555
2 16 538
2 17 525
2 18 519
2 19 507
2 20 500
2 21 503
2 22 494
2 23 489
2 24 485
2 25 475
2 26 475
2 27 475
2 28 479
2 29 477
2 30 472
2 31 468
2 32 468
2 33 468
2 34 463
2 35 459
2 36 459
2 37 459
2 38 451
2 39 453
2 40 453
2 41 453
2 42 453
2 43 449
2 44 449
2 45 446
2 46 446
2 47 446
2 48 446
2 49 446
2 50 446
2 51 446
2 52 446
2 53 446
2 54 446
2 55 446
2 56 446
2 57 446
2 58 446
2 59 446
2 60 446
2 61 446
2 62 446
2 63 446
2 64 446
2 65 446
2 66 446
2 67 446
2 68 446
2 69 446
2 70 446
2 71 446
2 72 446
2 73 446
2 74 446
2 75 446
2 76 446
2 77 446
2 78 446
2 79 446
2 80 446
2 81 446
2 82 446
2 83 446
2 84 446
2 85 446
2 86 446
2 87 446
2 88 446
2 89 446
2 90 446
2 91 446
2 92 446
2 93 446
2 94 446
2 95 446
2 96 446
2 97 446
2 98 446
2 99 446
2 100 446
3 4 1560
3 5 1560
3 6 1659
3 7 1615
3 8 1507
3 9 1133
3 10 1050
3 11 821
3 12 724
3 13 661
3 14 607
3 15 597
3 16 549
3 17 537
3 18 529
3 19 513
3 20 505
3 21 508
3 22 496
3 23 489
3 24 485
3 25 475
3 26 475
3 27 475
3 28 479
3 29 477
3 30 472
3 31 468
3 32 468
3 33 468
3 34 463
3 35 459
3 36 459
3 37 459
3 38 451
3 39 453
3 40 453
3 41 453
3 42 453
3 43 449
3 44 449
3 45 446
3 46 446
3 47 446
3 48 446
3 49 446
3 50 446
3 51 446
3 52 446
3 53 446
3 54 446
3 55 446
3 56 446
3 57 446
3 58 446
3 59 446
3 60 446
3 61 446
3 62 446
3 63 446
3 64 446
3 65 446
3 66 446
3 67 446
3 68 446
3 69 446
3 70 446
3 71 446
3 72 446
3 73 446
3 74 446
3 75 446
3 76 446
3 77 446
3 78 446
3 79 446
3 80 446
3 81 446
3 82 446
3 83 446
3 84 446
3 85 446
3 86 446
3 87 446
3 88 446
3 89 446
3 90 446
3 91 446
3 92 446
3 93 446
3 94 446
3 95 446
3 96 446
3 97 446
3 98 446
3 99 446
3 100 446
4 5 1560
4 6 1659
4 7 1789
4 8 1750
4 9 1303
4 10 1145
4 11 903
4 12 796
4 13 685
4 14 635
4 15 605
4 16 564
4 17 545
4 18 538
4 19 521
4 20 507
4 21 507
4 22 501
4 23 493
4 24 489
4 25 476
4 26 475
4 27 475
4 28 479
4 29 477
4 30 472
4 31 468
4 32 469
4 33 469
4 34 464
4 35 459
4 36 459
4 37 459
4 38 451
4 39 453
4 40 453
4 41 453
4 42 453
4 43 449
4 44 449
4 45 446
4 46 446
4 47 446
4 48 446
4 49 446
4 50 446
4 51 446
4 52 446
4 53 446
4 54 446
4 55 446
4 56 446
4 57 446
4 58 446
4 59 446
4 60 446
4 61 446
4 62 446
4 63 446
4 64 446
4 65 446
4 66 446
4 67 446
4 68 446
4 69 446
4 70 446
4 71 446
4 72 446
4 73 446
4 74 446
4 75 446
4 76 446
4 77 446
4 78 446
4 79 446
4 80 446
4 81 446
4 82 446
4 83 446
4 84 446
4 85 446
4 86 446
4 87 446
4 88 446
4 89 446
4 90 446
4 91 446
4 92 446
4 93 446
4 94 446
4 95 446
4 96 446
4 97 446
4 98 446
4 99 446
4 100 446
5 6 1659
5 7 1789
5 8 1750
5 9 1325
5 10 1207
5 11 950
5 12 826
5 13 719
5 14 669
5 15 625
5 16 562
5 17 548
5 18 552
5 19 535
5 20 509
5 21 512
5 22 503
5 23 497
5 24 490
5 25 476
5 26 474
5 27 475
5 28 478
5 29 476
5 30 472
5 31 467
5 32 468
5 33 468
5 34 463
5 35 460
5 36 460
5 37 460
5 38 452
5 39 454
5 40 453
5 41 453
5 42 453
5 43 449
5 44 449
5 45 446
5 46 446
5 47 446
5 48 446
5 49 446
5 50 446
5 51 446
5 52 446
5 53 446
5 54 446
5 55 446
5 56 446
5 57 446
5 58 446
5 59 446
5 60 446
5 61 446
5 62 446
5 63 446
5 64 446
5 65 446
5 66 446
5 67 446
5 68 446
5 69 446
5 70 446
5 71 446
5 72 446
5 73 446
5 74 446
5 75 446
5 76 446
5 77 446
5 78 446
5 79 446
5 80 446
5 81 446
5 82 446
5 83 446
5 84 446
5 85 446
5 86 446
5 87 446
5 88 446
5 89 446
5 90 446
5 91 446
5 92 446
5 93 446
5 94 446
5 95 446
5 96 446
5 97 446
5 98 446
5 99 446
5 100 446
6 7 1789
6 8 1776
6 9 1606
6 10 1399
6 11 1111
6 12 880
6 13 771
6 14 696
6 15 628
6 16 556
6 17 547
6 18 549
6 19 530
6 20 498
6 21 501
6 22 493
6 23 488
6 24 495
6 25 479
6 26 477
6 27 476
6 28 477
6 29 469
6 30 476
6 31 476
6 32 479
6 33 479
6 34 472
6 35 469
6 36 465
6 37 462
6 38 454
6 39 455
6 40 454
6 41 454
6 42 457
6 43 453
6 44 453
6 45 455
6 46 455
6 47 455
6 48 449
6 49 449
6 50 446
6 51 446
6 52 446
6 53 446
6 54 446
6 55 446
6 56 446
6 57 446
6 58 446
6 59 446
6 60 446
6 61 446
6 62 446
6 63 446
6 64 446
6 65 446
6 66 446
6 67 446
6 68 446
6 69 446
6 70 446
6 71 446
6 72 446
6 73 446
6 74 446
6 75 446
6 76 446
6 77 446
6 78 446
6 79 446
6 80 446
6 81 446
6 82 446
6 83 446
6 84 446
6 85 446
6 86 446
6 87 446
6 88 446
6 89 446
6 90 446
6 91 446
6 92 446
6 93 446
6 94 446
6 95 446
6 96 446
6 97 446
6 98 446
6 99 446
6 100 446
7 8 1776
7 9 1606
7 10 1519
7 11 1157
7 12 958
7 13 803
7 14 731
7 15 645
7 16 581
7 17 554
7 18 553
7 19 536
7 20 514
7 21 514
7 22 504
7 23 500
7 24 492
7 25 483
7 26 482
7 27 480
7 28 475
7 29 467
7 30 474
7 31 474
7 32 476
7 33 476
7 34 474
7 35 472
7 36 468
7 37 465
7 38 457
7 39 458
7 40 459
7 41 459
7 42 462
7 43 458
7 44 458
7 45 460
7 46 460
7 47 455
7 48 449
7 49 449
7 50 446
7 51 446
7 52 446
7 53 446
7 54 446
7 55 446
7 56 446
7 57 446
7 58 446
7 59 446
7 60 446
7 61 446
7 62 446
7 63 446
7 64 446
7 65 446
7 66 446
7 67 446
7 68 446
7 69 446
7 70 446
7 71 446
7 72 446
7 73 446
7 74 446
7 75 446
7 76 446
7 77 446
7 78 446
7 79 446
7 80 446
7 81 446
7 82 446
7 83 446
7 84 446
7 85 446
7 86 446
7 87 446
7 88 446
7 89 446
7 90 446
7 91 446
7 92 446
7 93 446
7 94 446
7 95 446
7 96 446
7 97 446
7 98 446
7 99 446
7 100 446
8 9 1606
8 10 1519
8 11 1227
8 12 1052
8 13 847
8 14 741
8 15 678
8 16 605
8 17 593
8 18 576
8 19 550
8 20 545
8 21 541
8 22 520
8 23 515
8 24 497
8 25 485
8 26 486
8 27 481
8 28 483
8 29 476
8 30 479
8 31 474
8 32 476
8 33 477
8 34 476
8 35 474
8 36 468
8 37 465
8 38 457
8 39 458
8 40 459
8 41 459
8 42 462
8 43 458
8 44 458
8 45 460
8 46 460
8 47 455
8 48 449
8 49 449
8 50 446
8 51 446
8 52 446
8 53 446
8 54 446
8 55 446
8 56 446
8 57 446
8 58 446
8 59 446
8 60 446
8 61 446
8 62 446
8 63 446
8 64 446
8 65 446
8 66 446
8 67 446
8 68 446
8 69 446
8 70 446
8 71 446
8 72 446
8 73 446
8 74 446
8 75 446
8 76 446
8 77 446
8 78 446
8 79 446
8 80 446
8 81 446
8 82 446
8 83 446
8 84 446
8 85 446
8 86 446
8 87 446
8 88 446
8 89 446
8 90 446
8 91 446
8 92 446
8 93 446
8 94 446
8 95 446
8 96 446
8 97 446
8 98 446
8 99 446
8 100 446
9 10 1519
9 11 1233
9 12 1096
9 13 888
9 14 754
9 15 695
9 16 627
9 17 611
9 18 588
9 19 556
9 20 550
9 21 539
9 22 524
9 23 524
9 24 492
9 25 488
9 26 489
9 27 492
9 28 494
9 29 484
9 30 486
9 31 481
9 32 483
9 33 484
9 34 476
9 35 473
9 36 467
9 37 464
9 38 456
9 39 457
9 40 459
9 41 459
9 42 462
9 43 458
9 44 458
9 45 460
9 46 460
9 47 455
9 48 449
9 49 449
9 50 446
9 51 446
9 52 446
9 53 446
9 54 446
9 55 446
9 56 446
9 57 446
9 58 446
9 59 446
9 60 446
9 61 446
9 62 446
9 63 446
9 64 446
9 65 446
9 66 446
9 67 446
9 68 446
9 69 446
9 70 446
9 71 446
9 72 446
9 73 446
9 74 446
9 75 446
9 76 446
9 77 446
9 78 446
9 79 446
9 80 446
9 81 446
9 82 446
9 83 446
9 84 446
9 85 446
9 86 446
9 87 446
9 88 446
9 89 446
9 90 446
9 91 446
9 92 446
9 93 446
9 94 446
9 95 446
9 96 446
9 97 446
9 98 446
9 99 446
9 100 446
10 11 1233
10 12 1096
10 13 930
10 14 801
10 15 753
10 16 658
10 17 625
10 18 608
10 19 592
10 20 579
10 21 567
10 22 537
10 23 530
10 24 513
10 25 504
10 26 503
10 27 493
10 28 496
10 29 488
10 30 488
10 31 479
10 32 480
10 33 481
10 34 472
10 35 473
10 36 469
10 37 466
10 38 458
10 39 459
10 40 459
10 41 459
10 42 462
10 43 458
10 44 458
10 45 460
10 46 460
10 47 455
10 48 449
10 49 449
10 50 446
10 51 446
10 52 446
10 53 446
10 54 446
10 55 446
10 56 446
10 57 446
10 58 446
10 59 446
10 60 446
10 61 446
10 62 446
10 63 446
10 64 446
10 65 446
10 66 446
10 67 446
10 68 446
10 69 446
10 70 446
10 71 446
10 72 446
10 73 446
10 74 446
10 75 446
10 76 446
10 77 446
10 78 446
10 79 446
10 80 446
10 81 446
10 82 446
10 83 446
10 84 446
10 85 446
10 86 446
10 87 446
10 88 446
10 89 446
10 90 446
10 91 446
10 92 446
10 93 446
10 94 446
10 95 446
10 96 446
10 97 446
10 98 446
10 99 446
10 100 446
11 12 1096
11 13 930
11 14 798
11 15 747
11 16 672
11 17 642
11 18 624
11 19 574
11 20 575
11 21 588
11 22 546
11 23 537
11 24 511
11 25 505
11 26 507
11 27 498
11 28 500
11 29 489
11 30 489
11 31 478
11 32 478
11 33 478
11 34 469
11 35 470
11 36 466
11 37 468
11 38 460
11 39 462
11 40 462
11 41 462
11 42 465
11 43 458
11 44 458
11 45 460
11 46 460
11 47 455
11 48 449
11 49 449
11 50 446
11 51 446
11 52 446
11 53 446
11 54 446
11 55 446
11 56 446
11 57 446
11 58 446
11 59 446
11 60 446
11 61 446
11 62 446
11 63 446
11 64 446
11 65 446
11 66 446
11 67 446
11 68 446
11 69 446
11 70 446
11 71 446
11 72 446
11 73 446
11 74 446
11 75 446
11 76 446
11 77 446
11 78 446
11 79 446
11 80 446
11 81 446
11 82 446
11 83 446
11 84 446
11 85 446
11 86 446
11 87 446
11 88 446
11 89 446
11 90 446
11 91 446
11 92 446
11 93 446
11 94 446
11 95 446
11 96 446
11 97 446
11 98 446
11 99 446
11 100 446
12 13 930
12 14 798
12 15 766
12 16 665
12 17 634
12 18 639
12 19 582
12 20 573
12 21 564
12 22 528
12 23 519
12 24 520
12 25 506
12 26 510
12 27 493
12 28 494
12 29 488
12 30 486
12 31 484
12 32 485
12 33 487
12 34 476
12 35 477
12 36 474
12 37 476
12 38 468
12 39 468
12 40 468
12 41 468
12 42 464
12 43 457
12 44 457
12 45 455
12 46 455
12 47 450
12 48 453
12 49 453
12 50 452
12 51 452
12 52 452
12 53 446
12 54 446
12 55 446
12 56 446
12 57 446
12 58 446
12 59 446
12 60 446
12 61 446
12 62 446
12 63 446
12 64 446
12 65 446
12 66 446
12 67 446
12 68 446
12 69 446
12 70 446
12 71 446
12 72 446
12 73 446
12 74 446
12 75 446
12 76 446
12 77 446
12 78 446
12 79 446
12 80 446
12 81 446
12 82 446
12 83 446
12 84 446
12 85 446
12 86 446
12 87 446
12 88 446
12 89 446
12 90 446
12 91 446
12 92 446
12 93 446
12 94 446
12 95 446
12 96 446
12 97 446
12 98 446
12 99 446
12 100 446
13 14 798
13 15 766
13 16 673
13 17 623
13 18 619
13 19 602
13 20 560
13 21 545
13 22 543
13 23 543
13 24 525
13 25 517
13 26 521
13 27 505
13 28 496
13 29 493
13 30 490
13 31 482
13 32 483
13 33 485
13 34 474
13 35 475
13 36 472
13 37 474
13 38 476
13 39 476
13 40 476
13 41 476
13 42 472
13 43 465
13 44 465
13 45 463
13 46 463
13 47 458
13 48 461
13 49 461
13 50 452
13 51 452
13 52 452
13 53 446
13 54 446
13 55 446
13 56 446
13 57 446
13 58 446
13 59 446
13 60 446
13 61 446
13 62 446
13 63 446
13 64 446
13 65 446
13 66 446
13 67 446
13 68 446
13 69 446
13 70 446
13 71 446
13 72 446
13 73 446
13 74 446
13 75 446
13 76 446
13 77 446
13 78 446
13 79 446
13 80 446
13 81 446
13 82 446
13 83 446
13 84 446
13 85 446
13 86 446
13 87 446
13 88 446
13 89 446
13 90 446
13 91 446
13 92 446
13 93 446
13 94 446
13 95 446
13 96 446
13 97 446
13 98 446
13 99 446
13 100 446
14 15 766
14 16 673
14 17 637
14 18 607
14 19 577
14 20 578
14 21 574
14 22 548
14 23 540
14 24 514
14 25 506
14 26 511
14 27 503
14 28 488
14 29 483
14 30 479
14 31 473
14 32 478
14 33 479
14 34 472
14 35 473
14 36 470
14 37 472
14 38 474
14 39 474
14 40 474
14 41 474
14 42 470
14 43 463
14 44 463
14 45 461
14 46 461
14 47 463
14 48 466
14 49 466
14 50 457
14 51 457
14 52 457
14 53 451
14 54 446
14 55 446
14 56 446
14 57 446
14 58 446
14 59 446
14 60 446
14 61 446
14 62 446
14 63 446
14 64 446
14 65 446
14 66 446
14 67 446
14 68 446
14 69 446
14 70 446
14 71 446
14 72 446
14 73 446
14 74 446
14 75 446
14 76 446
14 77 446
14 78 446
14 79 446
14 80 446
14 81 446
14 82 446
14 83 446
14 84 446
14 85 446
14 86 446
14 87 446
14 88 446
14 89 446
14 90 446
14 91 446
14 92 446
14 93 446
14 94 446
14 95 446
14 96 446
14 97 446
14 98 446
14 99 446
14 100 446
15 16 673
15 17 637
15 18 616
15 19 580
15 20 558
15 21 553
15 22 554
15 23 563
15 24 519
15 25 512
15 26 513
15 27 497
15 28 487
15 29 492
15 30 490
15 31 487
15 32 492
15 33 490
15 34 483
15 35 479
15 36 473
15 37 475
15 38 475
15 39 474
15 40 476
15 41 476
15 42 472
15 43 467
15 44 467
15 45 465
15 46 465
15 47 467
15 48 470
15 49 470
15 50 461
15 51 461
15 52 461
15 53 455
15 54 450
15 55 450
15 56 450
15 57 450
15 58 446
15 59 446
15 60 446
15 61 446
15 62 446
15 63 446
15 64 446
15 65 446
15 66 446
15 67 446
15 68 446
15 69 446
15 70 446
15 71 446
15 72 446
15 73 446
15 74 446
15 75 446
15 76 446
15 77 446
15 78 446
15 79 446
15 80 446
15 81 446
15 82 446
15 83 446
15 84 446
15 85 446
15 86 446
15 87 446
15 88 446
15 89 446
15 90 446
15 91 446
15 92 446
15 93 446
15 94 446
15 95 446
15 96 446
15 97 446
15 98 446
15 99 446
15 100 446
16 17 637
16 18 616
16 19 577
16 20 563
16 21 557
16 22 552
16 23 548
16 24 535
16 25 519
16 26 520
16 27 507
16 28 495
16 29 501
16 30 494
16 31 493
16 32 495
16 33 492
16 34 486
16 35 483
16 36 478
16 37 474
16 38 474
16 39 472
16 40 474
16 41 474
16 42 470
16 43 467
16 44 467
16 45 465
16 46 465
16 47 470
16 48 470
16 49 470
16 50 461
16 51 461
16 52 461
16 53 455
16 54 450
16 55 450
16 56 450
16 57 450
16 58 446
16 59 446
16 60 446
16 61 446
16 62 446
16 63 446
16 64 446
16 65 446
16 66 446
16 67 446
16 68 446
16 69 446
16 70 446
16 71 446
16 72 446
16 73 446
16 74 446
16 75 446
16 76 446
16 77 446
16 78 446
16 79 446
16 80 446
16 81 446
16 82 446
16 83 446
16 84 446
16 85 446
16 86 446
16 87 446
16 88 446
16 89 446
16 90 446
16 91 446
16 92 446
16 93 446
16 94 446
16 95 446
16 96 446
16 97 446
16 98 446
16 99 446
16 100 446
17 18 616
17 19 577
17 20 562
17 21 554
17 22 539
17 23 541
17 24 536
17 25 533
17 26 536
17 27 514
17 28 499
17 29 495
17 30 497
17 31 497
17 32 497
17 33 497
17 34 494
17 35 491
17 36 488
17 37 484
17 38 484
17 39 477
17 40 479
17 41 479
17 42 472
17 43 467
17 44 467
17 45 464
17 46 464
17 47 469
17 48 469
17 49 469
17 50 461
17 51 461
17 52 461
17 53 455
17 54 450
17 55 450
17 56 450
17 57 450
17 58 446
17 59 446
17 60 446
17 61 446
17 62 446
17 63 446
17 64 446
17 65 446
17 66 446
17 67 446
17 68 446
17 69 446
17 70 446
17 71 446
17 72 446
17 73 446
17 74 446
17 75 446
17 76 446
17 77 446
17 78 446
17 79 446
17 80 446
17 81 446
17 82 446
17 83 446
17 84 446
17 85 446
17 86 446
17 87 446
17 88 446
17 89 446
17 90 446
17 91 446
17 92 446
17 93 446
17 94 446
17 95 446
17 96 446
17 97 446
17 98 446
17 99 446
17 100 446
18 19 577
18 20 562
18 21 557
18 22 554
18 23 534
18 24 536
18 25 512
18 26 514
18 27 523
18 28 514
18 29 496
18 30 503
18 31 499
18 32 500
18 33 500
18 34 493
18 35 494
18 36 486
18 37 478
18 38 478
18 39 472
18 40 474
18 41 474
18 42 473
18 43 468
18 44 468
18 45 465
18 46 465
18 47 467
18 48 469
18 49 469
18 50 458
18 51 458
18 52 458
18 53 455
18 54 450
18 55 450
18 56 450
18 57 450
18 58 446
18 59 446
18 60 446
18 61 446
18 62 446
18 63 446
18 64 446
18 65 446
18 66 446
18 67 446
18 68 446
18 69 446
18 70 446
18 71 446
18 72 446
18 73 446
18 74 446
18 75 446
18 76 446
18 77 446
18 78 446
18 79 446
18 80 446
18 81 446
18 82 446
18 83 446
18 84 446
18 85 446
18 86 446
18 87 446
18 88 446
18 89 446
18 90 446
18 91 446
18 92 446
18 93 446
18 94 446
18 95 446
18 96 446
18 97 446
18 98 446
18 99 446
18 100 446
19 20 562
19 21 557
19 22 548
19 23 550
19 24 541
19 25 520
19 26 516
19 27 525
19 28 527
19 29 519
19 30 506
19 31 500
19 32 504
19 33 504
19 34 491
19 35 493
19 36 485
19 37 485
19 38 482
19 39 476
19 40 478
19 41 478
19 42 473
19 43 468
19 44 468
19 45 465
19 46 465
19 47 467
19 48 469
19 49 469
19 50 458
19 51 458
19 52 458
19 53 455
19 54 450
19 55 450
19 56 450
19 57 450
19 58 446
19 59 446
19 60 446
19 61 446
19 62 446
19 63 446
19 64 446
19 65 446
19 66 446
19 67 446
19 68 446
19 69 446
19 70 446
19 71 446
19 72 446
19 73 446
19 74 446
19 75 446
19 76 446
19 77 446
19 78 446
19 79 446
19 80 446
19 81 446
19 82 446
19 83 446
19 84 446
19 85 446
19 86 446
19 87 446
19 88 446
19 89 446
19 90 446
19 91 446
19 92 446
19 93 446
19 94 446
19 95 446
19 96 446
19 97 446
19 98 446
19 99 446
19 100 446
20 21 557
20 22 548
20 23 554
20 24 535
20 25 524
20 26 525
20 27 523
20 28 525
20 29 508
20 30 495
20 31 496
20 32 501
20 33 501
20 34 499
20 35 497
20 36 489
20 37 483
20 38 483
20 39 477
20 40 480
20 41 480
20 42 471
20 43 466
20 44 466
20 45 463
20 46 463
20 47 463
20 48 465
20 49 465
20 50 456
20 51 456
20 52 456
20 53 453
20 54 450
20 55 450
20 56 450
20 57 450
20 58 446
20 59 446
20 60 446
20 61 446
20 62 446
20 63 446
20 64 446
20 65 446
20 66 446
20 67 446
20 68 446
20 69 446
20 70 446
20 71 446
20 72 446
20 73 446
20 74 446
20 75 446
20 76 446
20 77 446
20 78 446
20 79 446
20 80 446
20 81 446
20 82 446
20 83 446
20 84 446
20 85 446
20 86 446
20 87 446
20 88 446
20 89 446
20 90 446
20 91 446
20 92 446
20 93 446
20 94 446
20 95 446
20 96 446
20 97 446
20 98 446
20 99 446
20 100 446
21 22 548
21 23 554
21 24 535
21 25 527
21 26 525
21 27 523
21 28 528
21 29 508
21 30 495
21 31 496
21 32 501
21 33 501
21 34 499
21 35 497
21 36 489
21 37 483
21 38 483
21 39 477
21 40 480
21 41 480
21 42 471
21 43 466
21 44 466
21 45 463
21 46 463
21 47 463
21 48 465
21 49 465
21 50 456
21 51 456
21 52 456
21 53 453
21 54 450
21 55 450
21 56 450
21 57 450
21 58 446
21 59 446
21 60 446
21 61 446
21 62 446
21 63 446
21 64 446
21 65 446
21 66 446
21 67 446
21 68 446
21 69 446
21 70 446
21 71 446
21 72 446
21 73 446
21 74 446
21 75 446
21 76 446
21 77 446
21 78 446
21 79 446
21 80 446
21 81 446
21 82 446
21 83 446
21 84 446
21 85 446
21 86 446
21 87 446
21 88 446
21 89 446
21 90 446
21 91 446
21 92 446
21 93 446
21 94 446
21 95 446
21 96 446
21 97 446
21 98 446
21 99 446
21 100 446
22 23 554
22 24 535
22 25 526
22 26 520
22 27 518
22 28 514
22 29 503
22 30 500
22 31 492
22 32 488
22 33 487
22 34 494
22 35 492
22 36 486
22 37 485
22 38 482
22 39 476
22 40 477
22 41 477
22 42 470
22 43 466
22 44 466
22 45 463
22 46 463
22 47 462
22 48 464
22 49 464
22 50 456
22 51 456
22 52 456
22 53 453
22 54 450
22 55 450
22 56 450
22 57 450
22 58 446
22 59 446
22 60 446
22 61 446
22 62 446
22 63 446
22 64 446
22 65 446
22 66 446
22 67 446
22 68 446
22 69 446
22 70 446
22 71 446
22 72 446
22 73 446
22 74 446
22 75 446
22 76 446
22 77 446
22 78 446
22 79 446
22 80 446
22 81 446
22 82 446
22 83 446
22 84 446
22 85 446
22 86 446
22 87 446
22 88 446
22 89 446
22 90 446
22 91 446
22 92 446
22 93 446
22 94 446
22 95 446
22 96 446
22 97 446
22 98 446
22 99 446
22 100 446
23 24 535
23 25 526
23 26 524
23 27 513
23 28 511
23 29 503
23 30 497
23 31 489
23 32 490
23 33 489
23 34 489
23 35 487
23 36 481
23 37 482
23 38 475
23 39 472
23 40 473
23 41 473
23 42 466
23 43 464
23 44 464
23 45 463
23 46 463
23 47 462
23 48 464
23 49 464
23 50 456
23 51 456
23 52 456
23 53 453
23 54 450
23 55 450
23 56 450
23 57 450
23 58 446
23 59 446
23 60 446
23 61 446
23 62 446
23 63 446
23 64 446
23 65 446
23 66 446
23 67 446
23 68 446
23 69 446
23 70 446
23 71 446
23 72 446
23 73 446
23 74 446
23 75 446
23 76 446
23 77 446
23 78 446
23 79 446
23 80 446
23 81 446
23 82 446
23 83 446
23 84 446
23 85 446
23 86 446
23 87 446
23 88 446
23 89 446
23 90 446
23 91 446
23 92 446
23 93 446
23 94 446
23 95 446
23 96 446
23 97 446
23 98 446
23 99 446
23 100 446
24 25 526
24 26 524
24 27 518
24 28 512
24 29 499
24 30 494
24 31 488
24 32 491
24 33 491
24 34 488
24 35 488
24 36 480
24 37 483
24 38 476
24 39 471
24 40 469
24 41 469
24 42 467
24 43 465
24 44 465
24 45 464
24 46 460
24 47 462
24 48 462
24 49 462
24 50 454
24 51 454
24 52 454
24 53 453
24 54 450
24 55 450
24 56 450
24 57 450
24 58 446
24 59 446
24 60 446
24 61 446
24 62 446
24 63 446
24 64 446
24 65 446
24 66 446
24 67 446
24 68 446
24 69 446
24 70 446
24 71 446
24 72 446
24 73 446
24 74 446
24 75 446
24 76 446
24 77 446
24 78 446
24 79 446
24 80 446
24 81 446
24 82 446
24 83 446
24 84 446
24 85 446
24 86 446
24 87 446
24 88 446
24 89 446
24 90 446
24 91 446
24 92 446
24 93 446
24 94 446
24 95 446
24 96 446
24 97 446
24 98 446
24 99 446
24 100 446
25 26 524
25 27 518
25 28 512
25 29 501
25 30 494
25 31 487
25 32 497
25 33 496
25 34 484
25 35 481
25 36 480
25 37 475
25 38 474
25 39 475
25 40 473
25 41 473
25 42 469
25 43 463
25 44 463
25 45 460
25 46 456
25 47 458
25 48 458
25 49 458
25 50 462
25 51 462
25 52 462
25 53 461
25 54 458
25 55 458
25 56 458
25 57 458
25 58 454
25 59 454
25 60 454
25 61 454
25 62 454
25 63 446
25 64 446
25 65 446
25 66 446
25 67 446
25 68 446
25 69 446
25 70 446
25 71 446
25 72 446
25 73 446
25 74 446
25 75 446
25 76 446
25 77 446
25 78 446
25 79 446
25 80 446
25 81 446
25 82 446
25 83 446
25 84 446
25 85 446
25 86 446
25 87 446
25 88 446
25 89 446
25 90 446
25 91 446
25 92 446
25 93 446
25 94 446
25 95 446
25 96 446
25 97 446
25 98 446
25 99 446
25 100 446
26 27 518
26 28 512
26 29 501
26 30 497
26 31 487
26 32 496
26 33 496
26 34 484
26 35 481
26 36 480
26 37 475
26 38 474
26 39 475
26 40 473
26 41 473
26 42 469
26 43 463
26 44 463
26 45 460
26 46 456
26 47 458
26 48 458
26 49 458
26 50 462
26 51 462
26 52 462
26 53 461
26 54 458
26 55 458
26 56 458
26 57 458
26 58 454
26 59 454
26 60 454
26 61 454
26 62 454
26 63 446
26 64 446
26 65 446
26 66 446
26 67 446
26 68 446
26 69 446
26 70 446
26 71 446
26 72 446
26 73 446
26 74 446
26 75 446
26 76 446
26 77 446
26 78 446
26 79 446
26 80 446
26 81 446
26 82 446
26 83 446
26 84 446
26 85 446
26 86 446
26 87 446
26 88 446
26 89 446
26 90 446
26 91 446
26 92 446
26 93 446
26 94 446
26 95 446
26 96 446
26 97 446
26 98 446
26 99 446
26 100 446
27 28 512
27 29 501
27 30 497
27 31 487
27 32 497
27 33 497
27 34 492
27 35 489
27 36 477
27 37 472
27 38 472
27 39 473
27 40 470
27 41 470
27 42 468
27 43 462
27 44 462
27 45 459
27 46 455
27 47 456
27 48 456
27 49 456
27 50 460
27 51 460
27 52 460
27 53 459
27 54 458
27 55 458
27 56 458
27 57 458
27 58 454
27 59 454
27 60 454
27 61 454
27 62 454
27 63 446
27 64 446
27 65 446
27 66 446
27 67 446
27 68 446
27 69 446
27 70 446
27 71 446
27 72 446
27 73 446
27 74 446
27 75 446
27 76 446
27 77 446
27 78 446
27 79 446
27 80 446
27 81 446
27 82 446
27 83 446
27 84 446
27 85 446
27 86 446
27 87 446
27 88 446
27 89 446
27 90 446
27 91 446
27 92 446
27 93 446
27 94 446
27 95 446
27 96 446
27 97 446
27 98 446
27 99 446
27 100 446
28 29 501
28 30 497
28 31 487
28 32 500
28 33 497
28 34 495
28 35 492
28 36 480
28 37 473
28 38 473
28 39 472
28 40 468
28 41 468
28 42 468
28 43 460
28 44 460
28 45 457
28 46 455
28 47 456
28 48 456
28 49 456
28 50 460
28 51 460
28 52 460
28 53 459
28 54 458
28 55 458
28 56 458
28 57 458
28 58 454
28 59 454
28 60 454
28 61 454
28 62 454
28 63 446
28 64 446
28 65 446
28 66 446
28 67 446
28 68 446
28 69 446
28 70 446
28 71 446
28 72 446
28 73 446
28 74 446
28 75 446
28 76 446
28 77 446
28 78 446
28 79 446
28 80 446
28 81 446
28 82 446
28 83 446
28 84 446
28 85 446
28 86 446
28 87 446
28 88 446
28 89 446
28 90 446
28 91 446
28 92 446
28 93 446
28 94 446
28 95 446
28 96 446
28 97 446
28 98 446
28 99 446
28 100 446
29 30 497
29 31 487
29 32 500
29 33 497
29 34 495
29 35 492
29 36 484
29 37 475
29 38 475
29 39 475
29 40 471
29 41 471
29 42 471
29 43 467
29 44 466
29 45 461
29 46 461
29 47 462
29 48 460
29 49 460
29 50 460
29 51 460
29 52 460
29 53 459
29 54 458
29 55 458
29 56 458
29 57 458
29 58 458
29 59 458
29 60 458
29 61 458
29 62 458
29 63 450
29 64 450
29 65 450
29 66 450
29 67 450
29 68 450
29 69 450
29 70 450
29 71 450
29 72 446
29 73 446
29 74 446
29 75 446
29 76 446
29 77 446
29 78 446
29 79 446
29 80 446
29 81 446
29 82 446
29 83 446
29 84 446
29 85 446
29 86 446
29 87 446
29 88 446
29 89 446
29 90 446
29 91 446
29 92 446
29 93 446
29 94 446
29 95 446
29 96 446
29 97 446
29 98 446
29 99 446
29 100 446
30 31 487
30 32 500
30 33 497
30 34 498
30 35 493
30 36 484
30 37 481
30 38 479
30 39 474
30 40 472
30 41 472
30 42 471
30 43 467
30 44 466
30 45 461
30 46 459
30 47 459
30 48 464
30 49 464
30 50 459
30 51 459
30 52 459
30 53 460
30 54 459
30 55 459
30 56 459
30 57 459
30 58 459
30 59 458
30 60 458
30 61 458
30 62 458
30 63 450
30 64 450
30 65 450
30 66 450
30 67 450
30 68 450
30 69 450
30 70 450
30 71 450
30 72 446
30 73 446
30 74 446
30 75 446
30 76 446
30 77 446
30 78 446
30 79 446
30 80 446
30 81 446
30 82 446
30 83 446
30 84 446
30 85 446
30 86 446
30 87 446
30 88 446
30 89 446
30 90 446
30 91 446
30 92 446
30 93 446
30 94 446
30 95 446
30 96 446
30 97 446
30 98 446
30 99 446
30 100 446
31 32 500
31 33 497
31 34 498
31 35 492
31 36 484
31 37 481
31 38 479
31 39 479
31 40 475
31 41 475
31 42 466
31 43 464
31 44 463
31 45 458
31 46 458
31 47 459
31 48 464
31 49 464
31 50 459
31 51 459
31 52 459
31 53 460
31 54 459
31 55 459
31 56 459
31 57 459
31 58 459
31 59 458
31 60 458
31 61 458
31 62 458
31 63 450
31 64 450
31 65 450
31 66 450
31 67 450
31 68 450
31 69 450
31 70 450
31 71 450
31 72 446
31 73 446
31 74 446
31 75 446
31 76 446
31 77 446
31 78 446
31 79 446
31 80 446
31 81 446
31 82 446
31 83 446
31 84 446
31 85 446
31 86 446
31 87 446
31 88 446
31 89 446
31 90 446
31 91 446
31 92 446
31 93 446
31 94 446
31 95 446
31 96 446
31 97 446
31 98 446
31 99 446
31 100 446
32 33 497
32 34 498
32 35 492
32 36 484
32 37 482
32 38 479
32 39 476
32 40 471
32 41 471
32 42 466
32 43 464
32 44 463
32 45 458
32 46 458
32 47 459
32 48 464
32 49 464
32 50 459
32 51 459
32 52 459
32 53 460
32 54 459
32 55 459
32 56 459
32 57 459
32 58 459
32 59 458
32 60 458
32 61 458
32 62 458
32 63 450
32 64 450
32 65 450
32 66 450
32 67 450
32 68 450
32 69 450
32 70 450
32 71 450
32 72 446
32 73 446
32 74 446
32 75 446
32 76 446
32 77 446
32 78 446
32 79 446
32 80 446
32 81 446
32 82 446
32 83 446
32 84 446
32 85 446
32 86 446
32 87 446
32 88 446
32 89 446
32 90 446
32 91 446
32 92 446
32 93 446
32 94 446
32 95 446
32 96 446
32 97 446
32 98 446
32 99 446
32 100 446
33 34 498
33 35 492
33 36 484
33 37 482
33 38 479
33 39 476
33 40 471
33 41 471
33 42 466
33 43 464
33 44 463
33 45 458
33 46 458
33 47 459
33 48 464
33 49 464
33 50 459
33 51 459
33 52 459
33 53 460
33 54 459
33 55 459
33 56 459
33 57 459
33 58 459
33 59 458
33 60 458
33 61 458
33 62 458
33 63 450
33 64 450
33 65 450
33 66 450
33 67 450
33 68 450
33 69 450
33 70 450
33 71 450
33 72 446
33 73 446
33 74 446
33 75 446
33 76 446
33 77 446
33 78 446
33 79 446
33 80 446
33 81 446
33 82 446
33 83 446
33 84 446
33 85 446
33 86 446
33 87 446
33 88 446
33 89 446
33 90 446
33 91 446
33 92 446
33 93 446
33 94 446
33 95 446
33 96 446
33 97 446
33 98 446
33 99 446
33 100 446
34 35 492
34 36 484
34 37 482
34 38 479
34 39 476
34 40 471
34 41 471
34 42 466
34 43 463
34 44 463
34 45 458
34 46 458
34 47 458
34 48 463
34 49 463
34 50 460
34 51 460
34 52 460
34 53 461
34 54 461
34 55 461
34 56 461
34 57 461
34 58 459
34 59 458
34 60 458
34 61 458
34 62 458
34 63 450
34 64 450
34 65 450
34 66 450
34 67 450
34 68 450
34 69 450
34 70 450
34 71 450
34 72 446
34 73 446
34 74 446
34 75 446
34 76 446
34 77 446
34 78 446
34 79 446
34 80 446
34 81 446
34 82 446
34 83 446
34 84 446
34 85 446
34 86 446
34 87 446
34 88 446
34 89 446
34 90 446
34 91 446
34 92 446
34 93 446
34 94 446
34 95 446
34 96 446
34 97 446
34 98 446
34 99 446
34 100 446
35 36 484
35 37 482
35 38 479
35 39 476
35 40 471
35 41 471
35 42 466
35 43 463
35 44 463
35 45 458
35 46 458
35 47 458
35 48 463
35 49 463
35 50 460
35 51 460
35 52 460
35 53 461
35 54 461
35 55 461
35 56 461
35 57 461
35 58 459
35 59 458
35 60 458
35 61 458
35 62 458
35 63 450
35 64 450
35 65 450
35 66 450
35 67 450
35 68 450
35 69 450
35 70 450
35 71 450
35 72 446
35 73 446
35 74 446
35 75 446
35 76 446
35 77 446
35 78 446
35 79 446
35 80 446
35 81 446
35 82 446
35 83 446
35 84 446
35 85 446
35 86 446
35 87 446
35 88 446
35 89 446
35 90 446
35 91 446
35 92 446
35 93 446
35 94 446
35 95 446
35 96 446
35 97 446
35 98 446
35 99 446
35 100 446
36 37 482
36 38 479
36 39 476
36 40 471
36 41 471
36 42 466
36 43 466
36 44 466
36 45 461
36 46 459
36 47 458
36 48 459
36 49 459
36 50 461
36 51 461
36 52 461
36 53 460
36 54 460
36 55 460
36 56 460
36 57 460
36 58 458
36 59 458
36 60 458
36 61 458
36 62 458
36 63 450
36 64 450
36 65 450
36 66 450
36 67 450
36 68 450
36 69 450
36 70 450
36 71 450
36 72 446
36 73 446
36 74 446
36 75 446
36 76 446
36 77 446
36 78 446
36 79 446
36 80 446
36 81 446
36 82 446
36 83 446
36 84 446
36 85 446
36 86 446
36 87 446
36 88 446
36 89 446
36 90 446
36 91 446
36 92 446
36 93 446
36 94 446
36 95 446
36 96 446
36 97 446
36 98 446
36 99 446
36 100 446
37 38 479
37 39 476
37 40 471
37 41 471
37 42 466
37 43 466
37 44 466
37 45 461
37 46 459
37 47 458
37 48 459
37 49 459
37 50 461
37 51 461
37 52 461
37 53 460
37 54 460
37 55 460
37 56 460
37 57 460
37 58 458
37 59 458
37 60 458
37 61 458
37 62 458
37 63 450
37 64 450
37 65 450
37 66 450
37 67 450
37 68 450
37 69 450
37 70 450
37 71 450
37 72 446
37 73 446
37 74 446
37 75 446
37 76 446
37 77 446
37 78 446
37 79 446
37 80 446
37 81 446
37 82 446
37 83 446
37 84 446
37 85 446
37 86 446
37 87 446
37 88 446
37 89 446
37 90 446
37 91 446
37 92 446
37 93 446
37 94 446
37 95 446
37 96 446
37 97 446
37 98 446
37 99 446
37 100 446
38 39 476
38 40 471
38 41 471
38 42 466
38 43 466
38 44 466
38 45 461
38 46 459
38 47 458
38 48 459
38 49 459
38 50 461
38 51 461
38 52 461
38 53 460
38 54 460
38 55 460
38 56 460
38 57 460
38 58 454
38 59 454
38 60 454
38 61 454
38 62 454
38 63 450
38 64 450
38 65 450
38 66 450
38 67 450
38 68 450
38 69 450
38 70 450
38 71 450
38 72 446
38 73 446
38 74 446
38 75 446
38 76 446
38 77 446
38 78 446
38 79 446
38 80 446
38 81 446
38 82 446
38 83 446
38 84 446
38 85 446
38 86 446
38 87 446
38 88 446
38 89 446
38 90 446
38 91 446
38 92 446
38 93 446
38 94 446
38 95 446
38 96 446
38 97 446
38 98 446
38 99 446
38 100 446
39 40 471
39 41 471
39 42 466
39 43 466
39 44 466
39 45 461
39 46 459
39 47 458
39 48 461
39 49 461
39 50 460
39 51 460
39 52 460
39 53 460
39 54 460
39 55 460
39 56 460
39 57 460
39 58 454
39 59 454
39 60 454
39 61 454
39 62 454
39 63 450
39 64 450
39 65 450
39 66 450
39 67 450
39 68 450
39 69 450
39 70 450
39 71 450
39 72 446
39 73 446
39 74 446
39 75 446
39 76 446
39 77 446
39 78 446
39 79 446
39 80 446
39 81 446
39 82 446
39 83 446
39 84 446
39 85 446
39 86 446
39 87 446
39 88 446
39 89 446
39 90 446
39 91 446
39 92 446
39 93 446
39 94 446
39 95 446
39 96 446
39 97 446
39 98 446
39 99 446
39 100 446
40 41 471
40 42 466
40 43 466
40 44 466
40 45 461
40 46 459
40 47 458
40 48 461
40 49 461
40 50 460
40 51 460
40 52 460
40 53 460
40 54 460
40 55 460
40 56 460
40 57 460
40 58 454
40 59 454
40 60 454
40 61 454
40 62 454
40 63 450
40 64 450
40 65 450
40 66 450
40 67 450
40 68 450
40 69 450
40 70 450
40 71 450
40 72 446
40 73 446
40 74 446
40 75 446
40 76 446
40 77 446
40 78 446
40 79 446
40 80 446
40 81 446
40 82 446
40 83 446
40 84 446
40 85 446
40 86 446
40 87 446
40 88 446
40 89 446
40 90 446
40 91 446
40 92 446
40 93 446
40 94 446
40 95 446
40 96 446
40 97 446
40 98 446
40 99 446
40 100 446
41 42 466
41 43 466
41 44 466
41 45 461
41 46 459
41 47 458
41 48 461
41 49 461
41 50 460
41 51 460
41 52 460
41 53 460
41 54 460
41 55 460
41 56 460
41 57 460
41 58 454
41 59 454
41 60 454
41 61 454
41 62 454
41 63 450
41 64 450
41 65 450
41 66 450
41 67 450
41 68 450
41 69 450
41 70 450
41 71 450
41 72 446
41 73 446
41 74 446
41 75 446
41 76 446
41 77 446
41 78 446
41 79 446
41 80 446
41 81 446
41 82 446
41 83 446
41 84 446
41 85 446
41 86 446
41 87 446
41 88 446
41 89 446
41 90 446
41 91 446
41 92 446
41 93 446
41 94 446
41 95 446
41 96 446
41 97 446
41 98 446
41 99 446
41 100 446
42 43 466
42 44 466
42 45 461
42 46 459
42 47 458
42 48 458
42 49 458
42 50 460
42 51 460
42 52 460
42 53 460
42 54 460
42 55 460
42 56 460
42 57 460
42 58 454
42 59 454
42 60 454
42 61 454
42 62 454
42 63 450
42 64 450
42 65 450
42 66 450
42 67 450
42 68 450
42 69 450
42 70 450
42 71 450
42 72 446
42 73 446
42 74 446
42 75 446
42 76 446
42 77 446
42 78 446
42 79 446
42 80 446
42 81 446
42 82 446
42 83 446
42 84 446
42 85 446
42 86 446
42 87 446
42 88 446
42 89 446
42 90 446
42 91 446
42 92 446
42 93 446
42 94 446
42 95 446
42 96 446
42 97 446
42 98 446
42 99 446
42 100 446
43 44 466
43 45 461
43 46 459
43 47 458
43 48 458
43 49 458
43 50 460
43 51 460
43 52 460
43 53 460
43 54 460
43 55 460
43 56 460
43 57 460
43 58 454
43 59 454
43 60 454
43 61 454
43 62 454
43 63 450
43 64 450
43 65 450
43 66 450
43 67 448
43 68 448
43 69 448
43 70 448
43 71 448
43 72 446
43 73 446
43 74 446
43 75 446
43 76 446
43 77 446
43 78 446
43 79 446
43 80 446
43 81 446
43 82 446
43 83 446
43 84 446
43 85 446
43 86 446
43 87 446
43 88 446
43 89 446
43 90 446
43 91 446
43 92 446
43 93 446
43 94 446
43 95 446
43 96 446
43 97 446
43 98 446
43 99 446
43 100 446
44 45 461
44 46 459
44 47 458
44 48 458
44 49 458
44 50 460
44 51 460
44 52 460
44 53 460
44 54 460
44 55 460
44 56 460
44 57 460
44 58 454
44 59 454
44 60 454
44 61 454
44 62 454
44 63 450
44 64 450
44 65 450
44 66 450
44 67 448
44 68 448
44 69 448
44 70 448
44 71 448
44 72 446
44 73 446
44 74 446
44 75 446
44 76 446
44 77 446
44 78 446
44 79 446
44 80 446
44 81 446
44 82 446
44 83 446
44 84 446
44 85 446
44 86 446
44 87 446
44 88 446
44 89 446
44 90 446
44 91 446
44 92 446
44 93 446
44 94 446
44 95 446
44 96 446
44 97 446
44 98 446
44 99 446
44 100 446
45 46 459
45 47 458
45 48 458
45 49 458
45 50 460
45 51 460
45 52 460
45 53 460
45 54 460
45 55 460
45 56 460
45 57 460
45 58 454
45 59 454
45 60 454
45 61 454
45 62 454
45 63 450
45 64 450
45 65 450
45 66 450
45 67 448
45 68 448
45 69 448
45 70 448
45 71 448
45 72 446
45 73 446
45 74 446
45 75 446
45 76 446
45 77 446
45 78 446
45 79 446
45 80 446
45 81 446
45 82 446
45 83 446
45 84 446
45 85 446
45 86 446
45 87 446
45 88 446
45 89 446
45 90 446
45 91 446
45 92 446
45 93 446
45 94 446
45 95 446
45 96 446
45 97 446
45 98 446
45 99 446
45 100 446
46 47 458
46 48 458
46 49 458
46 50 460
46 51 460
46 52 460
46 53 460
46 54 460
46 55 460
46 56 460
46 57 460
46 58 454
46 59 454
46 60 454
46 61 454
46 62 454
46 63 450
46 64 450
46 65 450
46 66 450
46 67 448
46 68 448
46 69 448
46 70 448
46 71 448
46 72 446
46 73 446
46 74 446
46 75 446
46 76 446
46 77 446
46 78 446
46 79 446
46 80 446
46 81 446
46 82 446
46 83 446
46 84 446
46 85 446
46 86 446
46 87 446
46 88 446
46 89 446
46 90 446
46 91 446
46 92 446
46 93 446
46 94 446
46 95 446
46 96 446
46 97 446
46 98 446
46 99 446
46 100 446
47 48 458
47 49 458
47 50 460
47 51 460
47 52 460
47 53 460
47 54 460
47 55 460
47 56 460
47 57 460
47 58 454
47 59 454
47 60 454
47 61 454
47 62 454
47 63 450
47 64 450
47 65 450
47 66 450
47 67 448
47 68 448
47 69 448
47 70 448
47 71 448
47 72 446
47 73 446
47 74 446
47 75 446
47 76 446
47 77 446
47 78 446
47 79 446
47 80 446
47 81 446
47 82 446
47 83 446
47 84 446
47 85 446
47 86 446
47 87 446
47 88 446
47 89 446
47 90 446
47 91 446
47 92 446
47 93 446
47 94 446
47 95 446
47 96 446
47 97 446
47 98 446
47 99 446
47 100 446
48 49 458
48 50 460
48 51 460
48 52 460
48 53 460
48 54 460
48 55 460
48 56 460
48 57 460
48 58 454
48 59 454
48 60 454
48 61 454
48 62 454
48 63 450
48 64 450
48 65 450
48 66 450
48 67 448
48 68 448
48 69 448
48 70 448
48 71 448
48 72 446
48 73 446
48 74 446
48 75 446
48 76 446
48 77 446
48 78 446
48 79 446
48 80 446
48 81 446
48 82 446
48 83 446
48 84 446
48 85 446
48 86 446
48 87 446
48 88 446
48 89 446
48 90 446
48 91 446
48 92 446
48 93 446
48 94 446
48 95 446
48 96 446
48 97 446
48 98 446
48 99 446
48 100 446
49 50 460
49 51 460
49 52 460
49 53 460
49 54 460
49 55 460
49 56 460
49 57 460
49 58 454
49 59 454
49 60 454
49 61 454
49 62 454
49 63 450
49 64 450
49 65 450
49 66 450
49 67 448
49 68 448
49 69 448
49 70 448
49 71 448
49 72 446
49 73 446
49 74 446
49 75 446
49 76 446
49 77 446
49 78 446
49 79 446
49 80 446
49 81 446
49 82 446
49 83 446
49 84 446
49 85 446
49 86 446
49 87 446
49 88 446
49 89 446
49 90 446
49 91 446
49 92 446
49 93 446
49 94 446
49 95 446
49 96 446
49 97 446
49 98 446
49 99 446
49 100 446
50 51 460
50 52 460
50 53 460
50 54 460
50 55 460
50 56 460
50 57 460
50 58 454
50 59 454
50 60 454
50 61 454
50 62 454
50 63 452
50 64 452
50 65 452
50 66 452
50 67 450
50 68 450
50 69 450
50 70 450
50 71 450
50 72 448
50 73 448
50 74 448
50 75 446
50 76 446
50 77 446
50 78 446
50 79 446
50 80 446
50 81 446
50 82 446
50 83 446
50 84 446
50 85 446
50 86 446
50 87 446
50 88 446
50 89 446
50 90 446
50 91 446
50 92 446
50 93 446
50 94 446
50 95 446
50 96 446
50 97 446
50 98 446
50 99 446
50 100 446
51 52 460
51 53 460
51 54 460
51 55 460
51 56 460
51 57 460
51 58 454
51 59 454
51 60 454
51 61 454
51 62 454
51 63 452
51 64 452
51 65 452
51 66 452
51 67 450
51 68 450
51 69 450
51 70 450
51 71 450
51 72 448
51 73 448
51 74 448
51 75 446
51 76 446
51 77 446
51 78 446
51 79 446
51 80 446
51 81 446
51 82 446
51 83 446
51 84 446
51 85 446
51 86 446
51 87 446
51 88 446
51 89 446
51 90 446
51 91 446
51 92 446
51 93 446
51 94 446
51 95 446
51 96 446
51 97 446
51 98 446
51 99 446
51 100 446
52 53 460
52 54 460
52 55 460
52 56 460
52 57 460
52 58 454
52 59 454
52 60 454
52 61 454
52 62 454
52 63 452
52 64 452
52 65 452
52 66 452
52 67 450
52 68 450
52 69 450
52 70 450
52 71 450
52 72 448
52 73 448
52 74 448
52 75 446
52 76 446
52 77 446
52 78 446
52 79 446
52 80 446
52 81 446
52 82 446
52 83 446
52 84 446
52 85 446
52 86 446
52 87 446
52 88 446
52 89 446
52 90 446
52 91 446
52 92 446
52 93 446
52 94 446
52 95 446
52 96 446
52 97 446
52 98 446
52 99 446
52 100 446
53 54 460
53 55 460
53 56 460
53 57 460
53 58 454
53 59 454
53 60 454
53 61 454
53 62 454
53 63 452
53 64 452
53 65 452
53 66 452
53 67 450
53 68 450
53 69 450
53 70 450
53 71 450
53 72 448
53 73 448
53 74 448
53 75 446
53 76 446
53 77 446
53 78 446
53 79 446
53 80 446
53 81 446
53 82 446
53 83 446
53 84 446
53 85 446
53 86 446
53 87 446
53 88 446
53 89 446
53 90 446
53 91 446
53 92 446
53 93 446
53 94 446
53 95 446
53 96 446
53 97 446
53 98 446
53 99 446
53 100 446
54 55 460
54 56 460
54 57 460
54 58 454
54 59 454
54 60 454
54 61 454
54 62 454
54 63 452
54 64 452
54 65 452
54 66 452
54 67 450
54 68 450
54 69 450
54 70 450
54 71 450
54 72 448
54 73 448
54 74 448
54 75 446
54 76 446
54 77 446
54 78 446
54 79 446
54 80 446
54 81 446
54 82 446
54 83 446
54 84 446
54 85 446
54 86 446
54 87 446
54 88 446
54 89 446
54 90 446
54 91 446
54 92 446
54 93 446
54 94 446
54 95 446
54 96 446
54 97 446
54 98 446
54 99 446
54 100 446
55 56 460
55 57 460
55 58 454
55 59 454
55 60 454
55 61 454
55 62 454
55 63 452
55 64 452
55 65 452
55 66 452
55 67 450
55 68 450
55 69 450
55 70 450
55 71 450
55 72 448
55 73 448
55 74 448
55 75 446
55 76 446
55 77 446
55 78 446
55 79 446
55 80 446
55 81 446
55 82 446
55 83 446
55 84 446
55 85 446
55 86 446
55 87 446
55 88 446
55 89 446
55 90 446
55 91 446
55 92 446
55 93 446
55 94 446
55 95 446
55 96 446
55 97 446
55 98 446
55 99 446
55 100 446
56 57 460
56 58 454
56 59 454
56 60 454
56 61 454
56 62 454
56 63 452
56 64 452
56 65 452
56 66 452
56 67 450
56 68 450
56 69 450
56 70 450
56 71 450
56 72 448
56 73 448
56 74 448
56 75 446
56 76 446
56 77 446
56 78 446
56 79 446
56 80 446
56 81 446
56 82 446
56 83 446
56 84 446
56 85 446
56 86 446
56 87 446
56 88 446
56 89 446
56 90 446
56 91 446
56 92 446
56 93 446
56 94 446
56 95 446
56 96 446
56 97 446
56 98 446
56 99 446
56 100 446
57 58 454
57 59 454
57 60 454
57 61 454
57 62 454
57 63 452
57 64 452
57 65 452
57 66 452
57 67 450
57 68 450
57 69 450
57 70 450
57 71 450
57 72 448
57 73 448
57 74 448
57 75 446
57 76 446
57 77 446
57 78 446
57 79 446
57 80 446
57 81 446
57 82 446
57 83 446
57 84 446
57 85 446
57 86 446
57 87 446
57 88 446
57 89 446
57 90 446
57 91 446
57 92 446
57 93 446
57 94 446
57 95 446
57 96 446
57 97 446
57 98 446
57 99 446
57 100 446
58 59 454
58 60 454
58 61 454
58 62 454
58 63 452
58 64 452
58 65 452
58 66 452
58 67 450
58 68 450
58 69 450
58 70 450
58 71 450
58 72 450
58 73 450
58 74 450
58 75 448
58 76 448
58 77 448
58 78 448
58 79 448
58 80 448
58 81 448
58 82 448
58 83 448
58 84 448
58 85 448
58 86 446
58 87 446
58 88 446
58 89 446
58 90 446
58 91 446
58 92 446
58 93 446
58 94 446
58 95 446
58 96 446
58 97 446
58 98 446
58 99 446
58 100 446
59 60 454
59 61 454
59 62 454
59 63 452
59 64 452
59 65 452
59 66 452
59 67 450
59 68 450
59 69 450
59 70 450
59 71 450
59 72 450
59 73 450
59 74 450
59 75 448
59 76 448
59 77 448
59 78 448
59 79 448
59 80 448
59 81 448
59 82 448
59 83 448
59 84 448
59 85 448
59 86 446
59 87 446
59 88 446
59 89 446
59 90 446
59 91 446
59 92 446
59 93 446
59 94 446
59 95 446
59 96 446
59 97 446
59 98 446
59 99 446
59 100 446
60 61 454
60 62 454
60 63 452
60 64 452
60 65 452
60 66 452
60 67 450
60 68 450
60 69 450
60 70 450
60 71 450
60 72 450
60 73 450
60 74 450
60 75 448
60 76 448
60 77 448
60 78 448
60 79 448
60 80 448
60 81 448
60 82 448
60 83 448
60 84 448
60 85 448
60 86 446
60 87 446
60 88 446
60 89 446
60 90 446
60 91 446
60 92 446
60 93 446
60 94 446
60 95 446
60 96 446
60 97 446
60 98 446
60 99 446
60 100 446
61 62 454
61 63 452
61 64 452
61 65 452
61 66 452
61 67 450
61 68 450
61 69 450
61 70 450
61 71 450
61 72 450
61 73 450
61 74 450
61 75 448
61 76 448
61 77 448
61 78 448
61 79 448
61 80 448
61 81 448
61 82 448
61 83 448
61 84 448
61 85 448
61 86 446
61 87 446
61 88 446
61 89 446
61 90 446
61 91 446
61 92 446
61 93 446
61 94 446
61 95 446
61 96 446
61 97 446
61 98 446
61 99 446
61 100 446
62 63 452
62 64 452
62 65 452
62 66 452
62 67 450
62 68 450
62 69 450
62 70 450
62 71 450
62 72 450
62 73 450
62 74 450
62 75 448
62 76 448
62 77 448
62 78 448
62 79 448
62 80 448
62 81 448
62 82 448
62 83 448
62 84 448
62 85 448
62 86 446
62 87 446
62 88 446
62 89 446
62 90 446
62 91 446
62 92 446
62 93 446
62 94 446
62 95 446
62 96 446
62 97 446
62 98 446
62 99 446
62 100 446
63 64 452
63 65 452
63 66 452
63 67 450
63 68 450
63 69 450
63 70 450
63 71 450
63 72 450
63 73 450
63 74 450
63 75 450
63 76 450
63 77 450
63 78 450
63 79 450
63 80 450
63 81 450
63 82 450
63 83 450
63 84 450
63 85 450
63 86 448
63 87 448
63 88 446
63 89 446
63 90 446
63 91 446
63 92 446
63 93 446
63 94 446
63 95 446
63 96 446
63 97 446
63 98 446
63 99 446
63 100 446
64 65 452
64 66 452
64 67 450
64 68 450
64 69 450
64 70 450
64 71 450
64 72 450
64 73 450
64 74 450
64 75 450
64 76 450
64 77 450
64 78 450
64 79 450
64 80 450
64 81 450
64 82 450
64 83 450
64 84 450
64 85 450
64 86 448
64 87 448
64 88 446
64 89 446
64 90 446
64 91 446
64 92 446
64 93 446
64 94 446
64 95 446
64 96 446
64 97 446
64 98 446
64 99 446
64 100 446
65 66 452
65 67 450
65 68 450
65 69 450
65 70 450
65 71 450
65 72 450
65 73 450
65 74 450
65 75 450
65 76 450
65 77 450
65 78 450
65 79 450
65 80 450
65 81 450
65 82 450
65 83 450
65 84 450
65 85 450
65 86 448
65 87 448
65 88 446
65 89 446
65 90 446
65 91 446
65 92 446
65 93 446
65 94 446
65 95 446
65 96 446
65 97 446
65 98 446
65 99 446
65 100 446
66 67 450
66 68 450
66 69 450
66 70 450
66 71 450
66 72 450
66 73 450
66 74 450
66 75 450
66 76 450
66 77 450
66 78 450
66 79 450
66 80 450
66 81 450
66 82 450
66 83 450
66 84 450
66 85 450
66 86 448
66 87 448
66 88 446
66 89 446
66 90 446
66 91 446
66 92 446
66 93 446
66 94 446
66 95 446
66 96 446
66 97 446
66 98 446
66 99 446
66 100 446
67 68 450
67 69 450
67 70 450
67 71 450
67 72 450
67 73 450
67 74 450
67 75 450
67 76 450
67 77 450
67 78 450
67 79 450
67 80 450
67 81 450
67 82 450
67 83 450
67 84 450
67 85 450
67 86 448
67 87 448
67 88 446
67 89 446
67 90 446
67 91 446
67 92 446
67 93 446
67 94 446
67 95 446
67 96 446
67 97 446
67 98 446
67 99 446
67 100 446
68 69 450
68 70 450
68 71 450
68 72 450
68 73 450
68 74 450
68 75 450
68 76 450
68 77 450
68 78 450
68 79 450
68 80 450
68 81 450
68 82 450
68 83 450
68 84 450
68 85 450
68 86 448
68 87 448
68 88 446
68 89 446
68 90 446
68 91 446
68 92 446
68 93 446
68 94 446
68 95 446
68 96 446
68 97 446
68 98 446
68 99 446
68 100 446
69 70 450
69 71 450
69 72 450
69 73 450
69 74 450
69 75 450
69 76 450
69 77 450
69 78 450
69 79 450
69 80 450
69 81 450
69 82 450
69 83 450
69 84 450
69 85 450
69 86 448
69 87 448
69 88 446
69 89 446
69 90 446
69 91 446
69 92 446
69 93 446
69 94 446
69 95 446
69 96 446
69 97 446
69 98 446
69 99 446
69 100 446
70 71 450
70 72 450
70 73 450
70 74 450
70 75 450
70 76 450
70 77 450
70 78 450
70 79 450
70 80 450
70 81 450
70 82 450
70 83 450
70 84 450
70 85 450
70 86 448
70 87 448
70 88 446
70 89 446
70 90 446
70 91 446
70 92 446
70 93 446
70 94 446
70 95 446
70 96 446
70 97 446
70 98 446
70 99 446
70 100 446
71 72 450
71 73 450
71 74 450
71 75 450
71 76 450
71 77 450
71 78 450
71 79 450
71 80 450
71 81 450
71 82 450
71 83 450
71 84 450
71 85 450
71 86 448
71 87 448
71 88 446
71 89 446
71 90 446
71 91 446
71 92 446
71 93 446
71 94 446
71 95 446
71 96 446
71 97 446
71 98 446
71 99 446
71 100 446
72 73 450
72 74 450
72 75 450
72 76 450
72 77 450
72 78 450
72 79 450
72 80 450
72 81 450
72 82 450
72 83 450
72 84 450
72 85 450
72 86 448
72 87 448
72 88 446
72 89 446
72 90 446
72 91 446
72 92 446
72 93 446
72 94 446
72 95 446
72 96 446
72 97 446
72 98 446
72 99 446
72 100 446
73 74 450
73 75 450
73 76 450
73 77 450
73 78 450
73 79 450
73 80 450
73 81 450
73 82 450
73 83 450
73 84 450
73 85 450
73 86 448
73 87 448
73 88 446
73 89 446
73 90 446
73 91 446
73 92 446
73 93 446
73 94 446
73 95 446
73 96 446
73 97 446
73 98 446
73 99 446
73 100 446
74 75 450
74 76 450
74 77 450
74 78 450
74 79 450
74 80 450
74 81 450
74 82 450
74 83 450
74 84 450
74 85 450
74 86 448
74 87 448
74 88 446
74 89 446
74 90 446
74 91 446
74 92 446
74 93 446
74 94 446
74 95 446
74 96 446
74 97 446
74 98 446
74 99 446
74 100 446
75 76 450
75 77 450
75 78 450
75 79 450
75 80 450
75 81 450
75 82 450
75 83 450
75 84 450
75 85 450
75 86 448
75 87 448
75 88 446
75 89 446
75 90 446
75 91 446
75 92 446
75 93 446
75 94 446
75 95 446
75 96 446
75 97 446
75 98 446
75 99 446
75 100 446
76 77 450
76 78 450
76 79 450
76 80 450
76 81 450
76 82 450
76 83 450
76 84 450
76 85 450
76 86 448
76 87 448
76 88 446
76 89 446
76 90 446
76 91 446
76 92 446
76 93 446
76 94 446
76 95 446
76 96 446
76 97 446
76 98 446
76 99 446
76 100 446
77 78 450
77 79 450
77 80 450
77 81 450
77 82 450
77 83 450
77 84 450
77 85 450
77 86 448
77 87 448
77 88 446
77 89 446
77 90 446
77 91 446
77 92 446
77 93 446
77 94 446
77 95 446
77 96 446
77 97 446
77 98 446
77 99 446
77 100 446
78 79 450
78 80 450
78 81 450
78 82 450
78 83 450
78 84 450
78 85 450
78 86 448
78 87 448
78 88 446
78 89 446
78 90 446
78 91 446
78 92 446
78 93 446
78 94 446
78 95 446
78 96 446
78 97 446
78 98 446
78 99 446
78 100 446
79 80 450
79 81 450
79 82 450
79 83 450
79 84 450
79 85 450
79 86 448
79 87 448
79 88 446
79 89 446
79 90 446
79 91 446
79 92 446
79 93 446
79 94 446
79 95 446
79 96 446
79 97 446
79 98 446
79 99 446
79 100 446
80 81 450
80 82 450
80 83 450
80 84 450
80 85 450
80 86 448
80 87 448
80 88 446
80 89 446
80 90 446
80 91 446
80 92 446
80 93 446
80 94 446
80 95 446
80 96 446
80 97 446
80 98 446
80 99 446
80 100 446
81 82 450
81 83 450
81 84 450
81 85 450
81 86 448
81 87 448
81 88 446
81 89 446
81 90 446
81 91 446
81 92 446
81 93 446
81 94 446
81 95 446
81 96 446
81 97 446
81 98 446
81 99 446
81 100 446
82 83 450
82 84 450
82 85 450
82 86 448
82 87 448
82 88 446
82 89 446
82 90 446
82 91 446
82 92 446
82 93 446
82 94 446
82 95 446
82 96 446
82 97 446
82 98 446
82 99 446
82 100 446
83 84 450
83 85 450
83 86 448
83 87 448
83 88 446
83 89 446
83 90 446
83 91 446
83 92 446
83 93 446
83 94 446
83 95 446
83 96 446
83 97 446
83 98 446
83 99 446
83 100 446
84 85 450
84 86 448
84 87 448
84 88 446
84 89 446
84 90 446
84 91 446
84 92 446
84 93 446
84 94 446
84 95 446
84 96 446
84 97 446
84 98 446
84 99 446
84 100 446
85 86 448
85 87 448
85 88 446
85 89 446
85 90 446
85 91 446
85 92 446
85 93 446
85 94 446
85 95 446
85 96 446
85 97 446
85 98 446
85 99 446
85 100 446
86 87 448
86 88 446
86 89 446
86 90 446
86 91 446
86 92 446
86 93 446
86 94 446
86 95 446
86 96 446
86 97 446
86 98 446
86 99 446
86 100 446
87 88 446
87 89 446
87 90 446
87 91 446
87 92 446
87 93 446
87 94 446
87 95 446
87 96 446
87 97 446
87 98 446
87 99 446
87 100 446
88 89 446
88 90 446
88 91 446
88 92 446
88 93 446
88 94 446
88 95 446
88 96 446
88 97 446
88 98 446
88 99 446
88 100 446
89 90 446
89 91 446
89 92 446
89 93 446
89 94 446
89 95 446
89 96 446
89 97 446
89 98 446
89 99 446
89 100 446
90 91 446
90 92 446
90 93 446
90 94 446
90 95 446
90 96 446
90 97 446
90 98 446
90 99 446
90 100 446
91 92 446
91 93 446
91 94 446
91 95 446
91 96 446
91 97 446
91 98 446
91 99 446
91 100 446
92 93 446
92 94 446
92 95 446
92 96 446
92 97 446
92 98 446
92 99 446
92 100 446
93 94 446
93 95 446
93 96 446
93 97 446
93 98 446
93 99 446
93 100 446
94 95 446
94 96 446
94 97 446
94 98 446
94 99 446
94 100 446
95 96 446
95 97 446
95 98 446
95 99 446
95 100 446
96 97 446
96 98 446
96 99 446
96 100 446
97 98 446
97 99 446
97 100 446
98 99 446
98 100 446
99 100 446
