0 1 217
0 2 217
0 3 217
0 4 223
0 5 194
0 6 192
0 7 194
0 8 176
0 9 170
0 10 145
0 11 133
0 12 127
0 13 126
0 14 120
0 15 113
0 16 110
0 17 110
0 18 110
0 19 108
0 20 103
0 21 103
0 22 103
0 23 103
0 24 103
0 25 103
0 26 103
0 27 103
0 28 103
0 29 103
0 30 103
0 31 103
0 32 103
0 33 103
0 34 103
0 35 103
0 36 103
0 37 103
0 38 103
0 39 103
0 40 103
0 41 103
0 42 103
0 43 103
0 44 103
0 45 103
0 46 103
0 47 103
0 48 103
0 49 103
0 50 103
0 51 103
0 52 103
0 53 103
0 54 103
0 55 103
0 56 103
0 57 103
0 58 103
0 59 103
0 60 103
0 61 103
0 62 103
0 63 103
0 64 103
0 65 103
0 66 103
0 67 103
0 68 103
0 69 103
0 70 103
0 71 103
0 72 103
0 73 103
0 74 103
0 75 103
0 76 103
0 77 103
0 78 103
0 79 103
0 80 103
0 81 103
0 82 103
0 83 103
0 84 103
0 85 103
0 86 103
0 87 103
0 88 103
0 89 103
0 90 103
0 91 103
0 92 103
0 93 103
0 94 103
0 95 103
0 96 103
0 97 103
0 98 103
0 99 103
0 100 103
1 2 217
1 3 217
1 4 223
1 5 194
1 6 192
1 7 194
1 8 176
1 9 170
1 10 145
1 11 133
1 12 127
1 13 126
1 14 120
1 15 113
1 16 110
1 17 110
1 18 110
1 19 108
1 20 103
1 21 103
1 22 103
1 23 103
1 24 103
1 25 103
1 26 103
1 27 103
1 28 103
1 29 103
1 30 103
1 31 103
1 32 103
1 33 103
1 34 103
1 35 103
1 36 103
1 37 103
1 38 103
1 39 103
1 40 103
1 41 103
1 42 103
1 43 103
1 44 103
1 45 103
1 46 103
1 47 103
1 48 103
1 49 103
1 50 103
1 51 103
1 52 103
1 53 103
1 54 103
1 55 103
1 56 103
1 57 103
1 58 103
1 59 103
1 60 103
1 61 103
1 62 103
1 63 103
1 64 103
1 65 103
1 66 103
1 67 103
1 68 103
1 69 103
1 70 103
1 71 103
1 72 103
1 73 103
1 74 103
1 75 103
1 76 103
1 77 103
1 78 103
1 79 103
1 80 103
1 81 103
1 82 103
1 83 103
1 84 103
1 85 103
1 86 103
1 87 103
1 88 103
1 89 103
1 90 103
1 91 103
1 92 103
1 93 103
1 94 103
1 95 103
1 96 103
1 97 103
1 98 103
1 99 103
1 100 103
2 3 217
2 4 223
2 5 194
2 6 192
2 7 194
2 8 176
2 9 170
2 10 145
2 11 133
2 12 127
2 13 126
2 14 120
2 15 113
2 16 110
2 17 110
2 18 110
2 19 108
2 20 103
2 21 103
2 22 103
2 23 103
2 24 103
2 25 103
2 26 103
2 27 103
2 28 103
2 29 103
2 30 103
2 31 103
2 32 103
2 33 103
2 34 103
2 35 103
2 36 103
2 37 103
2 38 103
2 39 103
2 40 103
2 41 103
2 42 103
2 43 103
2 44 103
2 45 103
2 46 103
2 47 103
2 48 103
2 49 103
2 50 103
2 51 103
2 52 103
2 53 103
2 54 103
2 55 103
2 56 103
2 57 103
2 58 103
2 59 103
2 60 103
2 61 103
2 62 103
2 63 103
2 64 103
2 65 103
2 66 103
2 67 103
2 68 103
2 69 103
2 70 103
2 71 103
2 72 103
2 73 103
2 74 103
2 75 103
2 76 103
2 77 103
2 78 103
2 79 103
2 80 103
2 81 103
2 82 103
2 83 103
2 84 103
2 85 103
2 86 103
2 87 103
2 88 103
2 89 103
2 90 103
2 91 103
2 92 103
2 93 103
2 94 103
2 95 103
2 96 103
2 97 103
2 98 103
2 99 103
2 100 103
3 4 223
3 5 194
3 6 192
3 7 194
3 8 176
3 9 170
3 10 145
3 11 133
3 12 127
3 13 126
3 14 120
3 15 113
3 16 110
3 17 110
3 18 110
3 19 108
3 20 103
3 21 103
3 22 103
3 23 103
3 24 103
3 25 103
3 26 103
3 27 103
3 28 103
3 29 103
3 30 103
3 31 103
3 32 103
3 33 103
3 34 103
3 35 103
3 36 103
3 37 103
3 38 103
3 39 103
3 40 103
3 41 103
3 42 103
3 43 103
3 44 103
3 45 103
3 46 103
3 47 103
3 48 103
3 49 103
3 50 103
3 51 103
3 52 103
3 53 103
3 54 103
3 55 103
3 56 103
3 57 103
3 58 103
3 59 103
3 60 103
3 61 103
3 62 103
3 63 103
3 64 103
3 65 103
3 66 103
3 67 103
3 68 103
3 69 103
3 70 103
3 71 103
3 72 103
3 73 103
3 74 103
3 75 103
3 76 103
3 77 103
3 78 103
3 79 103
3 80 103
3 81 103
3 82 103
3 83 103
3 84 103
3 85 103
3 86 103
3 87 103
3 88 103
3 89 103
3 90 103
3 91 103
3 92 103
3 93 103
3 94 103
3 95 103
3 96 103
3 97 103
3 98 103
3 99 103
3 100 103
4 5 194
4 6 192
4 7 194
4 8 175
4 9 173
4 10 148
4 11 133
4 12 128
4 13 127
4 14 121
4 15 114
4 16 109
4 17 109
4 18 109
4 19 107
4 20 103
4 21 103
4 22 103
4 23 103
4 24 103
4 25 103
4 26 103
4 27 103
4 28 103
4 29 103
4 30 103
4 31 103
4 32 103
4 33 103
4 34 103
4 35 103
4 36 103
4 37 103
4 38 103
4 39 103
4 40 103
4 41 103
4 42 103
4 43 103
4 44 103
4 45 103
4 46 103
4 47 103
4 48 103
4 49 103
4 50 103
4 51 103
4 52 103
4 53 103
4 54 103
4 55 103
4 56 103
4 57 103
4 58 103
4 59 103
4 60 103
4 61 103
4 62 103
4 63 103
4 64 103
4 65 103
4 66 103
4 67 103
4 68 103
4 69 103
4 70 103
4 71 103
4 72 103
4 73 103
4 74 103
4 75 103
4 76 103
4 77 103
4 78 103
4 79 103
4 80 103
4 81 103
4 82 103
4 83 103
4 84 103
4 85 103
4 86 103
4 87 103
4 88 103
4 89 103
4 90 103
4 91 103
4 92 103
4 93 103
4 94 103
4 95 103
4 96 103
4 97 103
4 98 103
4 99 103
4 100 103
5 6 192
5 7 194
5 8 175
5 9 167
5 10 143
5 11 134
5 12 131
5 13 130
5 14 120
5 15 113
5 16 108
5 17 108
5 18 108
5 19 106
5 20 103
5 21 103
5 22 103
5 23 103
5 24 103
5 25 103
5 26 103
5 27 103
5 28 103
5 29 103
5 30 103
5 31 103
5 32 103
5 33 103
5 34 103
5 35 103
5 36 103
5 37 103
5 38 103
5 39 103
5 40 103
5 41 103
5 42 103
5 43 103
5 44 103
5 45 103
5 46 103
5 47 103
5 48 103
5 49 103
5 50 103
5 51 103
5 52 103
5 53 103
5 54 103
5 55 103
5 56 103
5 57 103
5 58 103
5 59 103
5 60 103
5 61 103
5 62 103
5 63 103
5 64 103
5 65 103
5 66 103
5 67 103
5 68 103
5 69 103
5 70 103
5 71 103
5 72 103
5 73 103
5 74 103
5 75 103
5 76 103
5 77 103
5 78 103
5 79 103
5 80 103
5 81 103
5 82 103
5 83 103
5 84 103
5 85 103
5 86 103
5 87 103
5 88 103
5 89 103
5 90 103
5 91 103
5 92 103
5 93 103
5 94 103
5 95 103
5 96 103
5 97 103
5 98 103
5 99 103
5 100 103
6 7 194
6 8 175
6 9 167
6 10 143
6 11 134
6 12 131
6 13 130
6 14 120
6 15 113
6 16 108
6 17 108
6 18 108
6 19 106
6 20 103
6 21 103
6 22 103
6 23 103
6 24 103
6 25 103
6 26 103
6 27 103
6 28 103
6 29 103
6 30 103
6 31 103
6 32 103
6 33 103
6 34 103
6 35 103
6 36 103
6 37 103
6 38 103
6 39 103
6 40 103
6 41 103
6 42 103
6 43 103
6 44 103
6 45 103
6 46 103
6 47 103
6 48 103
6 49 103
6 50 103
6 51 103
6 52 103
6 53 103
6 54 103
6 55 103
6 56 103
6 57 103
6 58 103
6 59 103
6 60 103
6 61 103
6 62 103
6 63 103
6 64 103
6 65 103
6 66 103
6 67 103
6 68 103
6 69 103
6 70 103
6 71 103
6 72 103
6 73 103
6 74 103
6 75 103
6 76 103
6 77 103
6 78 103
6 79 103
6 80 103
6 81 103
6 82 103
6 83 103
6 84 103
6 85 103
6 86 103
6 87 103
6 88 103
6 89 103
6 90 103
6 91 103
6 92 103
6 93 103
6 94 103
6 95 103
6 96 103
6 97 103
6 98 103
6 99 103
6 100 103
7 8 175
7 9 167
7 10 143
7 11 134
7 12 131
7 13 130
7 14 122
7 15 111
7 16 106
7 17 106
7 18 106
7 19 104
7 20 103
7 21 103
7 22 103
7 23 103
7 24 103
7 25 103
7 26 103
7 27 103
7 28 103
7 29 103
7 30 103
7 31 103
7 32 103
7 33 103
7 34 103
7 35 103
7 36 103
7 37 103
7 38 103
7 39 103
7 40 103
7 41 103
7 42 103
7 43 103
7 44 103
7 45 103
7 46 103
7 47 103
7 48 103
7 49 103
7 50 103
7 51 103
7 52 103
7 53 103
7 54 103
7 55 103
7 56 103
7 57 103
7 58 103
7 59 103
7 60 103
7 61 103
7 62 103
7 63 103
7 64 103
7 65 103
7 66 103
7 67 103
7 68 103
7 69 103
7 70 103
7 71 103
7 72 103
7 73 103
7 74 103
7 75 103
7 76 103
7 77 103
7 78 103
7 79 103
7 80 103
7 81 103
7 82 103
7 83 103
7 84 103
7 85 103
7 86 103
7 87 103
7 88 103
7 89 103
7 90 103
7 91 103
7 92 103
7 93 103
7 94 103
7 95 103
7 96 103
7 97 103
7 98 103
7 99 103
7 100 103
8 9 167
8 10 143
8 11 134
8 12 133
8 13 130
8 14 122
8 15 111
8 16 106
8 17 106
8 18 106
8 19 104
8 20 103
8 21 103
8 22 103
8 23 103
8 24 103
8 25 103
8 26 103
8 27 103
8 28 103
8 29 103
8 30 103
8 31 103
8 32 103
8 33 103
8 34 103
8 35 103
8 36 103
8 37 103
8 38 103
8 39 103
8 40 103
8 41 103
8 42 103
8 43 103
8 44 103
8 45 103
8 46 103
8 47 103
8 48 103
8 49 103
8 50 103
8 51 103
8 52 103
8 53 103
8 54 103
8 55 103
8 56 103
8 57 103
8 58 103
8 59 103
8 60 103
8 61 103
8 62 103
8 63 103
8 64 103
8 65 103
8 66 103
8 67 103
8 68 103
8 69 103
8 70 103
8 71 103
8 72 103
8 73 103
8 74 103
8 75 103
8 76 103
8 77 103
8 78 103
8 79 103
8 80 103
8 81 103
8 82 103
8 83 103
8 84 103
8 85 103
8 86 103
8 87 103
8 88 103
8 89 103
8 90 103
8 91 103
8 92 103
8 93 103
8 94 103
8 95 103
8 96 103
8 97 103
8 98 103
8 99 103
8 100 103
9 10 143
9 11 134
9 12 133
9 13 131
9 14 122
9 15 111
9 16 106
9 17 107
9 18 107
9 19 105
9 20 103
9 21 103
9 22 103
9 23 103
9 24 103
9 25 103
9 26 103
9 27 103
9 28 103
9 29 103
9 30 103
9 31 103
9 32 103
9 33 103
9 34 103
9 35 103
9 36 103
9 37 103
9 38 103
9 39 103
9 40 103
9 41 103
9 42 103
9 43 103
9 44 103
9 45 103
9 46 103
9 47 103
9 48 103
9 49 103
9 50 103
9 51 103
9 52 103
9 53 103
9 54 103
9 55 103
9 56 103
9 57 103
9 58 103
9 59 103
9 60 103
9 61 103
9 62 103
9 63 103
9 64 103
9 65 103
9 66 103
9 67 103
9 68 103
9 69 103
9 70 103
9 71 103
9 72 103
9 73 103
9 74 103
9 75 103
9 76 103
9 77 103
9 78 103
9 79 103
9 80 103
9 81 103
9 82 103
9 83 103
9 84 103
9 85 103
9 86 103
9 87 103
9 88 103
9 89 103
9 90 103
9 91 103
9 92 103
9 93 103
9 94 103
9 95 103
9 96 103
9 97 103
9 98 103
9 99 103
9 100 103
10 11 134
10 12 133
10 13 131
10 14 122
10 15 111
10 16 106
10 17 107
10 18 107
10 19 105
10 20 103
10 21 103
10 22 103
10 23 103
10 24 103
10 25 103
10 26 103
10 27 103
10 28 103
10 29 103
10 30 103
10 31 103
10 32 103
10 33 103
10 34 103
10 35 103
10 36 103
10 37 103
10 38 103
10 39 103
10 40 103
10 41 103
10 42 103
10 43 103
10 44 103
10 45 103
10 46 103
10 47 103
10 48 103
10 49 103
10 50 103
10 51 103
10 52 103
10 53 103
10 54 103
10 55 103
10 56 103
10 57 103
10 58 103
10 59 103
10 60 103
10 61 103
10 62 103
10 63 103
10 64 103
10 65 103
10 66 103
10 67 103
10 68 103
10 69 103
10 70 103
10 71 103
10 72 103
10 73 103
10 74 103
10 75 103
10 76 103
10 77 103
10 78 103
10 79 103
10 80 103
10 81 103
10 82 103
10 83 103
10 84 103
10 85 103
10 86 103
10 87 103
10 88 103
10 89 103
10 90 103
10 91 103
10 92 103
10 93 103
10 94 103
10 95 103
10 96 103
10 97 103
10 98 103
10 99 103
10 100 103
11 12 133
11 13 131
11 14 122
11 15 111
11 16 106
11 17 107
11 18 107
11 19 105
11 20 103
11 21 103
11 22 103
11 23 103
11 24 103
11 25 103
11 26 103
11 27 103
11 28 103
11 29 103
11 30 103
11 31 103
11 32 103
11 33 103
11 34 103
11 35 103
11 36 103
11 37 103
11 38 103
11 39 103
11 40 103
11 41 103
11 42 103
11 43 103
11 44 103
11 45 103
11 46 103
11 47 103
11 48 103
11 49 103
11 50 103
11 51 103
11 52 103
11 53 103
11 54 103
11 55 103
11 56 103
11 57 103
11 58 103
11 59 103
11 60 103
11 61 103
11 62 103
11 63 103
11 64 103
11 65 103
11 66 103
11 67 103
11 68 103
11 69 103
11 70 103
11 71 103
11 72 103
11 73 103
11 74 103
11 75 103
11 76 103
11 77 103
11 78 103
11 79 103
11 80 103
11 81 103
11 82 103
11 83 103
11 84 103
11 85 103
11 86 103
11 87 103
11 88 103
11 89 103
11 90 103
11 91 103
11 92 103
11 93 103
11 94 103
11 95 103
11 96 103
11 97 103
11 98 103
11 99 103
11 100 103
12 13 131
12 14 122
12 15 111
12 16 106
12 17 106
12 18 106
12 19 104
12 20 103
12 21 103
12 22 103
12 23 103
12 24 103
12 25 103
12 26 103
12 27 103
12 28 103
12 29 103
12 30 103
12 31 103
12 32 103
12 33 103
12 34 103
12 35 103
12 36 103
12 37 103
12 38 103
12 39 103
12 40 103
12 41 103
12 42 103
12 43 103
12 44 103
12 45 103
12 46 103
12 47 103
12 48 103
12 49 103
12 50 103
12 51 103
12 52 103
12 53 103
12 54 103
12 55 103
12 56 103
12 57 103
12 58 103
12 59 103
12 60 103
12 61 103
12 62 103
12 63 103
12 64 103
12 65 103
12 66 103
12 67 103
12 68 103
12 69 103
12 70 103
12 71 103
12 72 103
12 73 103
12 74 103
12 75 103
12 76 103
12 77 103
12 78 103
12 79 103
12 80 103
12 81 103
12 82 103
12 83 103
12 84 103
12 85 103
12 86 103
12 87 103
12 88 103
12 89 103
12 90 103
12 91 103
12 92 103
12 93 103
12 94 103
12 95 103
12 96 103
12 97 103
12 98 103
12 99 103
12 100 103
13 14 122
13 15 111
13 16 106
13 17 106
13 18 106
13 19 104
13 20 103
13 21 103
13 22 103
13 23 103
13 24 103
13 25 103
13 26 103
13 27 103
13 28 103
13 29 103
13 30 103
13 31 103
13 32 103
13 33 103
13 34 103
13 35 103
13 36 103
13 37 103
13 38 103
13 39 103
13 40 103
13 41 103
13 42 103
13 43 103
13 44 103
13 45 103
13 46 103
13 47 103
13 48 103
13 49 103
13 50 103
13 51 103
13 52 103
13 53 103
13 54 103
13 55 103
13 56 103
13 57 103
13 58 103
13 59 103
13 60 103
13 61 103
13 62 103
13 63 103
13 64 103
13 65 103
13 66 103
13 67 103
13 68 103
13 69 103
13 70 103
13 71 103
13 72 103
13 73 103
13 74 103
13 75 103
13 76 103
13 77 103
13 78 103
13 79 103
13 80 103
13 81 103
13 82 103
13 83 103
13 84 103
13 85 103
13 86 103
13 87 103
13 88 103
13 89 103
13 90 103
13 91 103
13 92 103
13 93 103
13 94 103
13 95 103
13 96 103
13 97 103
13 98 103
13 99 103
13 100 103
14 15 111
14 16 106
14 17 106
14 18 106
14 19 104
14 20 103
14 21 103
14 22 103
14 23 103
14 24 103
14 25 103
14 26 103
14 27 103
14 28 103
14 29 103
14 30 103
14 31 103
14 32 103
14 33 103
14 34 103
14 35 103
14 36 103
14 37 103
14 38 103
14 39 103
14 40 103
14 41 103
14 42 103
14 43 103
14 44 103
14 45 103
14 46 103
14 47 103
14 48 103
14 49 103
14 50 103
14 51 103
14 52 103
14 53 103
14 54 103
14 55 103
14 56 103
14 57 103
14 58 103
14 59 103
14 60 103
14 61 103
14 62 103
14 63 103
14 64 103
14 65 103
14 66 103
14 67 103
14 68 103
14 69 103
14 70 103
14 71 103
14 72 103
14 73 103
14 74 103
14 75 103
14 76 103
14 77 103
14 78 103
14 79 103
14 80 103
14 81 103
14 82 103
14 83 103
14 84 103
14 85 103
14 86 103
14 87 103
14 88 103
14 89 103
14 90 103
14 91 103
14 92 103
14 93 103
14 94 103
14 95 103
14 96 103
14 97 103
14 98 103
14 99 103
14 100 103
15 16 106
15 17 106
15 18 106
15 19 104
15 20 103
15 21 103
15 22 103
15 23 103
15 24 103
15 25 103
15 26 103
15 27 103
15 28 103
15 29 103
15 30 103
15 31 103
15 32 103
15 33 103
15 34 103
15 35 103
15 36 103
15 37 103
15 38 103
15 39 103
15 40 103
15 41 103
15 42 103
15 43 103
15 44 103
15 45 103
15 46 103
15 47 103
15 48 103
15 49 103
15 50 103
15 51 103
15 52 103
15 53 103
15 54 103
15 55 103
15 56 103
15 57 103
15 58 103
15 59 103
15 60 103
15 61 103
15 62 103
15 63 103
15 64 103
15 65 103
15 66 103
15 67 103
15 68 103
15 69 103
15 70 103
15 71 103
15 72 103
15 73 103
15 74 103
15 75 103
15 76 103
15 77 103
15 78 103
15 79 103
15 80 103
15 81 103
15 82 103
15 83 103
15 84 103
15 85 103
15 86 103
15 87 103
15 88 103
15 89 103
15 90 103
15 91 103
15 92 103
15 93 103
15 94 103
15 95 103
15 96 103
15 97 103
15 98 103
15 99 103
15 100 103
16 17 106
16 18 106
16 19 104
16 20 103
16 21 103
16 22 103
16 23 103
16 24 103
16 25 103
16 26 103
16 27 103
16 28 103
16 29 103
16 30 103
16 31 103
16 32 103
16 33 103
16 34 103
16 35 103
16 36 103
16 37 103
16 38 103
16 39 103
16 40 103
16 41 103
16 42 103
16 43 103
16 44 103
16 45 103
16 46 103
16 47 103
16 48 103
16 49 103
16 50 103
16 51 103
16 52 103
16 53 103
16 54 103
16 55 103
16 56 103
16 57 103
16 58 103
16 59 103
16 60 103
16 61 103
16 62 103
16 63 103
16 64 103
16 65 103
16 66 103
16 67 103
16 68 103
16 69 103
16 70 103
16 71 103
16 72 103
16 73 103
16 74 103
16 75 103
16 76 103
16 77 103
16 78 103
16 79 103
16 80 103
16 81 103
16 82 103
16 83 103
16 84 103
16 85 103
16 86 103
16 87 103
16 88 103
16 89 103
16 90 103
16 91 103
16 92 103
16 93 103
16 94 103
16 95 103
16 96 103
16 97 103
16 98 103
16 99 103
16 100 103
17 18 106
17 19 104
17 20 103
17 21 103
17 22 103
17 23 103
17 24 103
17 25 103
17 26 103
17 27 103
17 28 103
17 29 103
17 30 103
17 31 103
17 32 103
17 33 103
17 34 103
17 35 103
17 36 103
17 37 103
17 38 103
17 39 103
17 40 103
17 41 103
17 42 103
17 43 103
17 44 103
17 45 103
17 46 103
17 47 103
17 48 103
17 49 103
17 50 103
17 51 103
17 52 103
17 53 103
17 54 103
17 55 103
17 56 103
17 57 103
17 58 103
17 59 103
17 60 103
17 61 103
17 62 103
17 63 103
17 64 103
17 65 103
17 66 103
17 67 103
17 68 103
17 69 103
17 70 103
17 71 103
17 72 103
17 73 103
17 74 103
17 75 103
17 76 103
17 77 103
17 78 103
17 79 103
17 80 103
17 81 103
17 82 103
17 83 103
17 84 103
17 85 103
17 86 103
17 87 103
17 88 103
17 89 103
17 90 103
17 91 103
17 92 103
17 93 103
17 94 103
17 95 103
17 96 103
17 97 103
17 98 103
17 99 103
17 100 103
18 19 104
18 20 103
18 21 103
18 22 103
18 23 103
18 24 103
18 25 103
18 26 103
18 27 103
18 28 103
18 29 103
18 30 103
18 31 103
18 32 103
18 33 103
18 34 103
18 35 103
18 36 103
18 37 103
18 38 103
18 39 103
18 40 103
18 41 103
18 42 103
18 43 103
18 44 103
18 45 103
18 46 103
18 47 103
18 48 103
18 49 103
18 50 103
18 51 103
18 52 103
18 53 103
18 54 103
18 55 103
18 56 103
18 57 103
18 58 103
18 59 103
18 60 103
18 61 103
18 62 103
18 63 103
18 64 103
18 65 103
18 66 103
18 67 103
18 68 103
18 69 103
18 70 103
18 71 103
18 72 103
18 73 103
18 74 103
18 75 103
18 76 103
18 77 103
18 78 103
18 79 103
18 80 103
18 81 103
18 82 103
18 83 103
18 84 103
18 85 103
18 86 103
18 87 103
18 88 103
18 89 103
18 90 103
18 91 103
18 92 103
18 93 103
18 94 103
18 95 103
18 96 103
18 97 103
18 98 103
18 99 103
18 100 103
19 20 103
19 21 103
19 22 103
19 23 103
19 24 103
19 25 103
19 26 103
19 27 103
19 28 103
19 29 103
19 30 103
19 31 103
19 32 103
19 33 103
19 34 103
19 35 103
19 36 103
19 37 103
19 38 103
19 39 103
19 40 103
19 41 103
19 42 103
19 43 103
19 44 103
19 45 103
19 46 103
19 47 103
19 48 103
19 49 103
19 50 103
19 51 103
19 52 103
19 53 103
19 54 103
19 55 103
19 56 103
19 57 103
19 58 103
19 59 103
19 60 103
19 61 103
19 62 103
19 63 103
19 64 103
19 65 103
19 66 103
19 67 103
19 68 103
19 69 103
19 70 103
19 71 103
19 72 103
19 73 103
19 74 103
19 75 103
19 76 103
19 77 103
19 78 103
19 79 103
19 80 103
19 81 103
19 82 103
19 83 103
19 84 103
19 85 103
19 86 103
19 87 103
19 88 103
19 89 103
19 90 103
19 91 103
19 92 103
19 93 103
19 94 103
19 95 103
19 96 103
19 97 103
19 98 103
19 99 103
19 100 103
20 21 103
20 22 103
20 23 103
20 24 103
20 25 103
20 26 103
20 27 103
20 28 103
20 29 103
20 30 103
20 31 103
20 32 103
20 33 103
20 34 103
20 35 103
20 36 103
20 37 103
20 38 103
20 39 103
20 40 103
20 41 103
20 42 103
20 43 103
20 44 103
20 45 103
20 46 103
20 47 103
20 48 103
20 49 103
20 50 103
20 51 103
20 52 103
20 53 103
20 54 103
20 55 103
20 56 103
20 57 103
20 58 103
20 59 103
20 60 103
20 61 103
20 62 103
20 63 103
20 64 103
20 65 103
20 66 103
20 67 103
20 68 103
20 69 103
20 70 103
20 71 103
20 72 103
20 73 103
20 74 103
20 75 103
20 76 103
20 77 103
20 78 103
20 79 103
20 80 103
20 81 103
20 82 103
20 83 103
20 84 103
20 85 103
20 86 103
20 87 103
20 88 103
20 89 103
20 90 103
20 91 103
20 92 103
20 93 103
20 94 103
20 95 103
20 96 103
20 97 103
20 98 103
20 99 103
20 100 103
21 22 103
21 23 103
21 24 103
21 25 103
21 26 103
21 27 103
21 28 103
21 29 103
21 30 103
21 31 103
21 32 103
21 33 103
21 34 103
21 35 103
21 36 103
21 37 103
21 38 103
21 39 103
21 40 103
21 41 103
21 42 103
21 43 103
21 44 103
21 45 103
21 46 103
21 47 103
21 48 103
21 49 103
21 50 103
21 51 103
21 52 103
21 53 103
21 54 103
21 55 103
21 56 103
21 57 103
21 58 103
21 59 103
21 60 103
21 61 103
21 62 103
21 63 103
21 64 103
21 65 103
21 66 103
21 67 103
21 68 103
21 69 103
21 70 103
21 71 103
21 72 103
21 73 103
21 74 103
21 75 103
21 76 103
21 77 103
21 78 103
21 79 103
21 80 103
21 81 103
21 82 103
21 83 103
21 84 103
21 85 103
21 86 103
21 87 103
21 88 103
21 89 103
21 90 103
21 91 103
21 92 103
21 93 103
21 94 103
21 95 103
21 96 103
21 97 103
21 98 103
21 99 103
21 100 103
22 23 103
22 24 103
22 25 103
22 26 103
22 27 103
22 28 103
22 29 103
22 30 103
22 31 103
22 32 103
22 33 103
22 34 103
22 35 103
22 36 103
22 37 103
22 38 103
22 39 103
22 40 103
22 41 103
22 42 103
22 43 103
22 44 103
22 45 103
22 46 103
22 47 103
22 48 103
22 49 103
22 50 103
22 51 103
22 52 103
22 53 103
22 54 103
22 55 103
22 56 103
22 57 103
22 58 103
22 59 103
22 60 103
22 61 103
22 62 103
22 63 103
22 64 103
22 65 103
22 66 103
22 67 103
22 68 103
22 69 103
22 70 103
22 71 103
22 72 103
22 73 103
22 74 103
22 75 103
22 76 103
22 77 103
22 78 103
22 79 103
22 80 103
22 81 103
22 82 103
22 83 103
22 84 103
22 85 103
22 86 103
22 87 103
22 88 103
22 89 103
22 90 103
22 91 103
22 92 103
22 93 103
22 94 103
22 95 103
22 96 103
22 97 103
22 98 103
22 99 103
22 100 103
23 24 103
23 25 103
23 26 103
23 27 103
23 28 103
23 29 103
23 30 103
23 31 103
23 32 103
23 33 103
23 34 103
23 35 103
23 36 103
23 37 103
23 38 103
23 39 103
23 40 103
23 41 103
23 42 103
23 43 103
23 44 103
23 45 103
23 46 103
23 47 103
23 48 103
23 49 103
23 50 103
23 51 103
23 52 103
23 53 103
23 54 103
23 55 103
23 56 103
23 57 103
23 58 103
23 59 103
23 60 103
23 61 103
23 62 103
23 63 103
23 64 103
23 65 103
23 66 103
23 67 103
23 68 103
23 69 103
23 70 103
23 71 103
23 72 103
23 73 103
23 74 103
23 75 103
23 76 103
23 77 103
23 78 103
23 79 103
23 80 103
23 81 103
23 82 103
23 83 103
23 84 103
23 85 103
23 86 103
23 87 103
23 88 103
23 89 103
23 90 103
23 91 103
23 92 103
23 93 103
23 94 103
23 95 103
23 96 103
23 97 103
23 98 103
23 99 103
23 100 103
24 25 103
24 26 103
24 27 103
24 28 103
24 29 103
24 30 103
24 31 103
24 32 103
24 33 103
24 34 103
24 35 103
24 36 103
24 37 103
24 38 103
24 39 103
24 40 103
24 41 103
24 42 103
24 43 103
24 44 103
24 45 103
24 46 103
24 47 103
24 48 103
24 49 103
24 50 103
24 51 103
24 52 103
24 53 103
24 54 103
24 55 103
24 56 103
24 57 103
24 58 103
24 59 103
24 60 103
24 61 103
24 62 103
24 63 103
24 64 103
24 65 103
24 66 103
24 67 103
24 68 103
24 69 103
24 70 103
24 71 103
24 72 103
24 73 103
24 74 103
24 75 103
24 76 103
24 77 103
24 78 103
24 79 103
24 80 103
24 81 103
24 82 103
24 83 103
24 84 103
24 85 103
24 86 103
24 87 103
24 88 103
24 89 103
24 90 103
24 91 103
24 92 103
24 93 103
24 94 103
24 95 103
24 96 103
24 97 103
24 98 103
24 99 103
24 100 103
25 26 103
25 27 103
25 28 103
25 29 103
25 30 103
25 31 103
25 32 103
25 33 103
25 34 103
25 35 103
25 36 103
25 37 103
25 38 103
25 39 103
25 40 103
25 41 103
25 42 103
25 43 103
25 44 103
25 45 103
25 46 103
25 47 103
25 48 103
25 49 103
25 50 103
25 51 103
25 52 103
25 53 103
25 54 103
25 55 103
25 56 103
25 57 103
25 58 103
25 59 103
25 60 103
25 61 103
25 62 103
25 63 103
25 64 103
25 65 103
25 66 103
25 67 103
25 68 103
25 69 103
25 70 103
25 71 103
25 72 103
25 73 103
25 74 103
25 75 103
25 76 103
25 77 103
25 78 103
25 79 103
25 80 103
25 81 103
25 82 103
25 83 103
25 84 103
25 85 103
25 86 103
25 87 103
25 88 103
25 89 103
25 90 103
25 91 103
25 92 103
25 93 103
25 94 103
25 95 103
25 96 103
25 97 103
25 98 103
25 99 103
25 100 103
26 27 103
26 28 103
26 29 103
26 30 103
26 31 103
26 32 103
26 33 103
26 34 103
26 35 103
26 36 103
26 37 103
26 38 103
26 39 103
26 40 103
26 41 103
26 42 103
26 43 103
26 44 103
26 45 103
26 46 103
26 47 103
26 48 103
26 49 103
26 50 103
26 51 103
26 52 103
26 53 103
26 54 103
26 55 103
26 56 103
26 57 103
26 58 103
26 59 103
26 60 103
26 61 103
26 62 103
26 63 103
26 64 103
26 65 103
26 66 103
26 67 103
26 68 103
26 69 103
26 70 103
26 71 103
26 72 103
26 73 103
26 74 103
26 75 103
26 76 103
26 77 103
26 78 103
26 79 103
26 80 103
26 81 103
26 82 103
26 83 103
26 84 103
26 85 103
26 86 103
26 87 103
26 88 103
26 89 103
26 90 103
26 91 103
26 92 103
26 93 103
26 94 103
26 95 103
26 96 103
26 97 103
26 98 103
26 99 103
26 100 103
27 28 103
27 29 103
27 30 103
27 31 103
27 32 103
27 33 103
27 34 103
27 35 103
27 36 103
27 37 103
27 38 103
27 39 103
27 40 103
27 41 103
27 42 103
27 43 103
27 44 103
27 45 103
27 46 103
27 47 103
27 48 103
27 49 103
27 50 103
27 51 103
27 52 103
27 53 103
27 54 103
27 55 103
27 56 103
27 57 103
27 58 103
27 59 103
27 60 103
27 61 103
27 62 103
27 63 103
27 64 103
27 65 103
27 66 103
27 67 103
27 68 103
27 69 103
27 70 103
27 71 103
27 72 103
27 73 103
27 74 103
27 75 103
27 76 103
27 77 103
27 78 103
27 79 103
27 80 103
27 81 103
27 82 103
27 83 103
27 84 103
27 85 103
27 86 103
27 87 103
27 88 103
27 89 103
27 90 103
27 91 103
27 92 103
27 93 103
27 94 103
27 95 103
27 96 103
27 97 103
27 98 103
27 99 103
27 100 103
28 29 103
28 30 103
28 31 103
28 32 103
28 33 103
28 34 103
28 35 103
28 36 103
28 37 103
28 38 103
28 39 103
28 40 103
28 41 103
28 42 103
28 43 103
28 44 103
28 45 103
28 46 103
28 47 103
28 48 103
28 49 103
28 50 103
28 51 103
28 52 103
28 53 103
28 54 103
28 55 103
28 56 103
28 57 103
28 58 103
28 59 103
28 60 103
28 61 103
28 62 103
28 63 103
28 64 103
28 65 103
28 66 103
28 67 103
28 68 103
28 69 103
28 70 103
28 71 103
28 72 103
28 73 103
28 74 103
28 75 103
28 76 103
28 77 103
28 78 103
28 79 103
28 80 103
28 81 103
28 82 103
28 83 103
28 84 103
28 85 103
28 86 103
28 87 103
28 88 103
28 89 103
28 90 103
28 91 103
28 92 103
28 93 103
28 94 103
28 95 103
28 96 103
28 97 103
28 98 103
28 99 103
28 100 103
29 30 103
29 31 103
29 32 103
29 33 103
29 34 103
29 35 103
29 36 103
29 37 103
29 38 103
29 39 103
29 40 103
29 41 103
29 42 103
29 43 103
29 44 103
29 45 103
29 46 103
29 47 103
29 48 103
29 49 103
29 50 103
29 51 103
29 52 103
29 53 103
29 54 103
29 55 103
29 56 103
29 57 103
29 58 103
29 59 103
29 60 103
29 61 103
29 62 103
29 63 103
29 64 103
29 65 103
29 66 103
29 67 103
29 68 103
29 69 103
29 70 103
29 71 103
29 72 103
29 73 103
29 74 103
29 75 103
29 76 103
29 77 103
29 78 103
29 79 103
29 80 103
29 81 103
29 82 103
29 83 103
29 84 103
29 85 103
29 86 103
29 87 103
29 88 103
29 89 103
29 90 103
29 91 103
29 92 103
29 93 103
29 94 103
29 95 103
29 96 103
29 97 103
29 98 103
29 99 103
29 100 103
30 31 103
30 32 103
30 33 103
30 34 103
30 35 103
30 36 103
30 37 103
30 38 103
30 39 103
30 40 103
30 41 103
30 42 103
30 43 103
30 44 103
30 45 103
30 46 103
30 47 103
30 48 103
30 49 103
30 50 103
30 51 103
30 52 103
30 53 103
30 54 103
30 55 103
30 56 103
30 57 103
30 58 103
30 59 103
30 60 103
30 61 103
30 62 103
30 63 103
30 64 103
30 65 103
30 66 103
30 67 103
30 68 103
30 69 103
30 70 103
30 71 103
30 72 103
30 73 103
30 74 103
30 75 103
30 76 103
30 77 103
30 78 103
30 79 103
30 80 103
30 81 103
30 82 103
30 83 103
30 84 103
30 85 103
30 86 103
30 87 103
30 88 103
30 89 103
30 90 103
30 91 103
30 92 103
30 93 103
30 94 103
30 95 103
30 96 103
30 97 103
30 98 103
30 99 103
30 100 103
31 32 103
31 33 103
31 34 103
31 35 103
31 36 103
31 37 103
31 38 103
31 39 103
31 40 103
31 41 103
31 42 103
31 43 103
31 44 103
31 45 103
31 46 103
31 47 103
31 48 103
31 49 103
31 50 103
31 51 103
31 52 103
31 53 103
31 54 103
31 55 103
31 56 103
31 57 103
31 58 103
31 59 103
31 60 103
31 61 103
31 62 103
31 63 103
31 64 103
31 65 103
31 66 103
31 67 103
31 68 103
31 69 103
31 70 103
31 71 103
31 72 103
31 73 103
31 74 103
31 75 103
31 76 103
31 77 103
31 78 103
31 79 103
31 80 103
31 81 103
31 82 103
31 83 103
31 84 103
31 85 103
31 86 103
31 87 103
31 88 103
31 89 103
31 90 103
31 91 103
31 92 103
31 93 103
31 94 103
31 95 103
31 96 103
31 97 103
31 98 103
31 99 103
31 100 103
32 33 103
32 34 103
32 35 103
32 36 103
32 37 103
32 38 103
32 39 103
32 40 103
32 41 103
32 42 103
32 43 103
32 44 103
32 45 103
32 46 103
32 47 103
32 48 103
32 49 103
32 50 103
32 51 103
32 52 103
32 53 103
32 54 103
32 55 103
32 56 103
32 57 103
32 58 103
32 59 103
32 60 103
32 61 103
32 62 103
32 63 103
32 64 103
32 65 103
32 66 103
32 67 103
32 68 103
32 69 103
32 70 103
32 71 103
32 72 103
32 73 103
32 74 103
32 75 103
32 76 103
32 77 103
32 78 103
32 79 103
32 80 103
32 81 103
32 82 103
32 83 103
32 84 103
32 85 103
32 86 103
32 87 103
32 88 103
32 89 103
32 90 103
32 91 103
32 92 103
32 93 103
32 94 103
32 95 103
32 96 103
32 97 103
32 98 103
32 99 103
32 100 103
33 34 103
33 35 103
33 36 103
33 37 103
33 38 103
33 39 103
33 40 103
33 41 103
33 42 103
33 43 103
33 44 103
33 45 103
33 46 103
33 47 103
33 48 103
33 49 103
33 50 103
33 51 103
33 52 103
33 53 103
33 54 103
33 55 103
33 56 103
33 57 103
33 58 103
33 59 103
33 60 103
33 61 103
33 62 103
33 63 103
33 64 103
33 65 103
33 66 103
33 67 103
33 68 103
33 69 103
33 70 103
33 71 103
33 72 103
33 73 103
33 74 103
33 75 103
33 76 103
33 77 103
33 78 103
33 79 103
33 80 103
33 81 103
33 82 103
33 83 103
33 84 103
33 85 103
33 86 103
33 87 103
33 88 103
33 89 103
33 90 103
33 91 103
33 92 103
33 93 103
33 94 103
33 95 103
33 96 103
33 97 103
33 98 103
33 99 103
33 100 103
34 35 103
34 36 103
34 37 103
34 38 103
34 39 103
34 40 103
34 41 103
34 42 103
34 43 103
34 44 103
34 45 103
34 46 103
34 47 103
34 48 103
34 49 103
34 50 103
34 51 103
34 52 103
34 53 103
34 54 103
34 55 103
34 56 103
34 57 103
34 58 103
34 59 103
34 60 103
34 61 103
34 62 103
34 63 103
34 64 103
34 65 103
34 66 103
34 67 103
34 68 103
34 69 103
34 70 103
34 71 103
34 72 103
34 73 103
34 74 103
34 75 103
34 76 103
34 77 103
34 78 103
34 79 103
34 80 103
34 81 103
34 82 103
34 83 103
34 84 103
34 85 103
34 86 103
34 87 103
34 88 103
34 89 103
34 90 103
34 91 103
34 92 103
34 93 103
34 94 103
34 95 103
34 96 103
34 97 103
34 98 103
34 99 103
34 100 103
35 36 103
35 37 103
35 38 103
35 39 103
35 40 103
35 41 103
35 42 103
35 43 103
35 44 103
35 45 103
35 46 103
35 47 103
35 48 103
35 49 103
35 50 103
35 51 103
35 52 103
35 53 103
35 54 103
35 55 103
35 56 103
35 57 103
35 58 103
35 59 103
35 60 103
35 61 103
35 62 103
35 63 103
35 64 103
35 65 103
35 66 103
35 67 103
35 68 103
35 69 103
35 70 103
35 71 103
35 72 103
35 73 103
35 74 103
35 75 103
35 76 103
35 77 103
35 78 103
35 79 103
35 80 103
35 81 103
35 82 103
35 83 103
35 84 103
35 85 103
35 86 103
35 87 103
35 88 103
35 89 103
35 90 103
35 91 103
35 92 103
35 93 103
35 94 103
35 95 103
35 96 103
35 97 103
35 98 103
35 99 103
35 100 103
36 37 103
36 38 103
36 39 103
36 40 103
36 41 103
36 42 103
36 43 103
36 44 103
36 45 103
36 46 103
36 47 103
36 48 103
36 49 103
36 50 103
36 51 103
36 52 103
36 53 103
36 54 103
36 55 103
36 56 103
36 57 103
36 58 103
36 59 103
36 60 103
36 61 103
36 62 103
36 63 103
36 64 103
36 65 103
36 66 103
36 67 103
36 68 103
36 69 103
36 70 103
36 71 103
36 72 103
36 73 103
36 74 103
36 75 103
36 76 103
36 77 103
36 78 103
36 79 103
36 80 103
36 81 103
36 82 103
36 83 103
36 84 103
36 85 103
36 86 103
36 87 103
36 88 103
36 89 103
36 90 103
36 91 103
36 92 103
36 93 103
36 94 103
36 95 103
36 96 103
36 97 103
36 98 103
36 99 103
36 100 103
37 38 103
37 39 103
37 40 103
37 41 103
37 42 103
37 43 103
37 44 103
37 45 103
37 46 103
37 47 103
37 48 103
37 49 103
37 50 103
37 51 103
37 52 103
37 53 103
37 54 103
37 55 103
37 56 103
37 57 103
37 58 103
37 59 103
37 60 103
37 61 103
37 62 103
37 63 103
37 64 103
37 65 103
37 66 103
37 67 103
37 68 103
37 69 103
37 70 103
37 71 103
37 72 103
37 73 103
37 74 103
37 75 103
37 76 103
37 77 103
37 78 103
37 79 103
37 80 103
37 81 103
37 82 103
37 83 103
37 84 103
37 85 103
37 86 103
37 87 103
37 88 103
37 89 103
37 90 103
37 91 103
37 92 103
37 93 103
37 94 103
37 95 103
37 96 103
37 97 103
37 98 103
37 99 103
37 100 103
38 39 103
38 40 103
38 41 103
38 42 103
38 43 103
38 44 103
38 45 103
38 46 103
38 47 103
38 48 103
38 49 103
38 50 103
38 51 103
38 52 103
38 53 103
38 54 103
38 55 103
38 56 103
38 57 103
38 58 103
38 59 103
38 60 103
38 61 103
38 62 103
38 63 103
38 64 103
38 65 103
38 66 103
38 67 103
38 68 103
38 69 103
38 70 103
38 71 103
38 72 103
38 73 103
38 74 103
38 75 103
38 76 103
38 77 103
38 78 103
38 79 103
38 80 103
38 81 103
38 82 103
38 83 103
38 84 103
38 85 103
38 86 103
38 87 103
38 88 103
38 89 103
38 90 103
38 91 103
38 92 103
38 93 103
38 94 103
38 95 103
38 96 103
38 97 103
38 98 103
38 99 103
38 100 103
39 40 103
39 41 103
39 42 103
39 43 103
39 44 103
39 45 103
39 46 103
39 47 103
39 48 103
39 49 103
39 50 103
39 51 103
39 52 103
39 53 103
39 54 103
39 55 103
39 56 103
39 57 103
39 58 103
39 59 103
39 60 103
39 61 103
39 62 103
39 63 103
39 64 103
39 65 103
39 66 103
39 67 103
39 68 103
39 69 103
39 70 103
39 71 103
39 72 103
39 73 103
39 74 103
39 75 103
39 76 103
39 77 103
39 78 103
39 79 103
39 80 103
39 81 103
39 82 103
39 83 103
39 84 103
39 85 103
39 86 103
39 87 103
39 88 103
39 89 103
39 90 103
39 91 103
39 92 103
39 93 103
39 94 103
39 95 103
39 96 103
39 97 103
39 98 103
39 99 103
39 100 103
40 41 103
40 42 103
40 43 103
40 44 103
40 45 103
40 46 103
40 47 103
40 48 103
40 49 103
40 50 103
40 51 103
40 52 103
40 53 103
40 54 103
40 55 103
40 56 103
40 57 103
40 58 103
40 59 103
40 60 103
40 61 103
40 62 103
40 63 103
40 64 103
40 65 103
40 66 103
40 67 103
40 68 103
40 69 103
40 70 103
40 71 103
40 72 103
40 73 103
40 74 103
40 75 103
40 76 103
40 77 103
40 78 103
40 79 103
40 80 103
40 81 103
40 82 103
40 83 103
40 84 103
40 85 103
40 86 103
40 87 103
40 88 103
40 89 103
40 90 103
40 91 103
40 92 103
40 93 103
40 94 103
40 95 103
40 96 103
40 97 103
40 98 103
40 99 103
40 100 103
41 42 103
41 43 103
41 44 103
41 45 103
41 46 103
41 47 103
41 48 103
41 49 103
41 50 103
41 51 103
41 52 103
41 53 103
41 54 103
41 55 103
41 56 103
41 57 103
41 58 103
41 59 103
41 60 103
41 61 103
41 62 103
41 63 103
41 64 103
41 65 103
41 66 103
41 67 103
41 68 103
41 69 103
41 70 103
41 71 103
41 72 103
41 73 103
41 74 103
41 75 103
41 76 103
41 77 103
41 78 103
41 79 103
41 80 103
41 81 103
41 82 103
41 83 103
41 84 103
41 85 103
41 86 103
41 87 103
41 88 103
41 89 103
41 90 103
41 91 103
41 92 103
41 93 103
41 94 103
41 95 103
41 96 103
41 97 103
41 98 103
41 99 103
41 100 103
42 43 103
42 44 103
42 45 103
42 46 103
42 47 103
42 48 103
42 49 103
42 50 103
42 51 103
42 52 103
42 53 103
42 54 103
42 55 103
42 56 103
42 57 103
42 58 103
42 59 103
42 60 103
42 61 103
42 62 103
42 63 103
42 64 103
42 65 103
42 66 103
42 67 103
42 68 103
42 69 103
42 70 103
42 71 103
42 72 103
42 73 103
42 74 103
42 75 103
42 76 103
42 77 103
42 78 103
42 79 103
42 80 103
42 81 103
42 82 103
42 83 103
42 84 103
42 85 103
42 86 103
42 87 103
42 88 103
42 89 103
42 90 103
42 91 103
42 92 103
42 93 103
42 94 103
42 95 103
42 96 103
42 97 103
42 98 103
42 99 103
42 100 103
43 44 103
43 45 103
43 46 103
43 47 103
43 48 103
43 49 103
43 50 103
43 51 103
43 52 103
43 53 103
43 54 103
43 55 103
43 56 103
43 57 103
43 58 103
43 59 103
43 60 103
43 61 103
43 62 103
43 63 103
43 64 103
43 65 103
43 66 103
43 67 103
43 68 103
43 69 103
43 70 103
43 71 103
43 72 103
43 73 103
43 74 103
43 75 103
43 76 103
43 77 103
43 78 103
43 79 103
43 80 103
43 81 103
43 82 103
43 83 103
43 84 103
43 85 103
43 86 103
43 87 103
43 88 103
43 89 103
43 90 103
43 91 103
43 92 103
43 93 103
43 94 103
43 95 103
43 96 103
43 97 103
43 98 103
43 99 103
43 100 103
44 45 103
44 46 103
44 47 103
44 48 103
44 49 103
44 50 103
44 51 103
44 52 103
44 53 103
44 54 103
44 55 103
44 56 103
44 57 103
44 58 103
44 59 103
44 60 103
44 61 103
44 62 103
44 63 103
44 64 103
44 65 103
44 66 103
44 67 103
44 68 103
44 69 103
44 70 103
44 71 103
44 72 103
44 73 103
44 74 103
44 75 103
44 76 103
44 77 103
44 78 103
44 79 103
44 80 103
44 81 103
44 82 103
44 83 103
44 84 103
44 85 103
44 86 103
44 87 103
44 88 103
44 89 103
44 90 103
44 91 103
44 92 103
44 93 103
44 94 103
44 95 103
44 96 103
44 97 103
44 98 103
44 99 103
44 100 103
45 46 103
45 47 103
45 48 103
45 49 103
45 50 103
45 51 103
45 52 103
45 53 103
45 54 103
45 55 103
45 56 103
45 57 103
45 58 103
45 59 103
45 60 103
45 61 103
45 62 103
45 63 103
45 64 103
45 65 103
45 66 103
45 67 103
45 68 103
45 69 103
45 70 103
45 71 103
45 72 103
45 73 103
45 74 103
45 75 103
45 76 103
45 77 103
45 78 103
45 79 103
45 80 103
45 81 103
45 82 103
45 83 103
45 84 103
45 85 103
45 86 103
45 87 103
45 88 103
45 89 103
45 90 103
45 91 103
45 92 103
45 93 103
45 94 103
45 95 103
45 96 103
45 97 103
45 98 103
45 99 103
45 100 103
46 47 103
46 48 103
46 49 103
46 50 103
46 51 103
46 52 103
46 53 103
46 54 103
46 55 103
46 56 103
46 57 103
46 58 103
46 59 103
46 60 103
46 61 103
46 62 103
46 63 103
46 64 103
46 65 103
46 66 103
46 67 103
46 68 103
46 69 103
46 70 103
46 71 103
46 72 103
46 73 103
46 74 103
46 75 103
46 76 103
46 77 103
46 78 103
46 79 103
46 80 103
46 81 103
46 82 103
46 83 103
46 84 103
46 85 103
46 86 103
46 87 103
46 88 103
46 89 103
46 90 103
46 91 103
46 92 103
46 93 103
46 94 103
46 95 103
46 96 103
46 97 103
46 98 103
46 99 103
46 100 103
47 48 103
47 49 103
47 50 103
47 51 103
47 52 103
47 53 103
47 54 103
47 55 103
47 56 103
47 57 103
47 58 103
47 59 103
47 60 103
47 61 103
47 62 103
47 63 103
47 64 103
47 65 103
47 66 103
47 67 103
47 68 103
47 69 103
47 70 103
47 71 103
47 72 103
47 73 103
47 74 103
47 75 103
47 76 103
47 77 103
47 78 103
47 79 103
47 80 103
47 81 103
47 82 103
47 83 103
47 84 103
47 85 103
47 86 103
47 87 103
47 88 103
47 89 103
47 90 103
47 91 103
47 92 103
47 93 103
47 94 103
47 95 103
47 96 103
47 97 103
47 98 103
47 99 103
47 100 103
48 49 103
48 50 103
48 51 103
48 52 103
48 53 103
48 54 103
48 55 103
48 56 103
48 57 103
48 58 103
48 59 103
48 60 103
48 61 103
48 62 103
48 63 103
48 64 103
48 65 103
48 66 103
48 67 103
48 68 103
48 69 103
48 70 103
48 71 103
48 72 103
48 73 103
48 74 103
48 75 103
48 76 103
48 77 103
48 78 103
48 79 103
48 80 103
48 81 103
48 82 103
48 83 103
48 84 103
48 85 103
48 86 103
48 87 103
48 88 103
48 89 103
48 90 103
48 91 103
48 92 103
48 93 103
48 94 103
48 95 103
48 96 103
48 97 103
48 98 103
48 99 103
48 100 103
49 50 103
49 51 103
49 52 103
49 53 103
49 54 103
49 55 103
49 56 103
49 57 103
49 58 103
49 59 103
49 60 103
49 61 103
49 62 103
49 63 103
49 64 103
49 65 103
49 66 103
49 67 103
49 68 103
49 69 103
49 70 103
49 71 103
49 72 103
49 73 103
49 74 103
49 75 103
49 76 103
49 77 103
49 78 103
49 79 103
49 80 103
49 81 103
49 82 103
49 83 103
49 84 103
49 85 103
49 86 103
49 87 103
49 88 103
49 89 103
49 90 103
49 91 103
49 92 103
49 93 103
49 94 103
49 95 103
49 96 103
49 97 103
49 98 103
49 99 103
49 100 103
50 51 103
50 52 103
50 53 103
50 54 103
50 55 103
50 56 103
50 57 103
50 58 103
50 59 103
50 60 103
50 61 103
50 62 103
50 63 103
50 64 103
50 65 103
50 66 103
50 67 103
50 68 103
50 69 103
50 70 103
50 71 103
50 72 103
50 73 103
50 74 103
50 75 103
50 76 103
50 77 103
50 78 103
50 79 103
50 80 103
50 81 103
50 82 103
50 83 103
50 84 103
50 85 103
50 86 103
50 87 103
50 88 103
50 89 103
50 90 103
50 91 103
50 92 103
50 93 103
50 94 103
50 95 103
50 96 103
50 97 103
50 98 103
50 99 103
50 100 103
51 52 103
51 53 103
51 54 103
51 55 103
51 56 103
51 57 103
51 58 103
51 59 103
51 60 103
51 61 103
51 62 103
51 63 103
51 64 103
51 65 103
51 66 103
51 67 103
51 68 103
51 69 103
51 70 103
51 71 103
51 72 103
51 73 103
51 74 103
51 75 103
51 76 103
51 77 103
51 78 103
51 79 103
51 80 103
51 81 103
51 82 103
51 83 103
51 84 103
51 85 103
51 86 103
51 87 103
51 88 103
51 89 103
51 90 103
51 91 103
51 92 103
51 93 103
51 94 103
51 95 103
51 96 103
51 97 103
51 98 103
51 99 103
51 100 103
52 53 103
52 54 103
52 55 103
52 56 103
52 57 103
52 58 103
52 59 103
52 60 103
52 61 103
52 62 103
52 63 103
52 64 103
52 65 103
52 66 103
52 67 103
52 68 103
52 69 103
52 70 103
52 71 103
52 72 103
52 73 103
52 74 103
52 75 103
52 76 103
52 77 103
52 78 103
52 79 103
52 80 103
52 81 103
52 82 103
52 83 103
52 84 103
52 85 103
52 86 103
52 87 103
52 88 103
52 89 103
52 90 103
52 91 103
52 92 103
52 93 103
52 94 103
52 95 103
52 96 103
52 97 103
52 98 103
52 99 103
52 100 103
53 54 103
53 55 103
53 56 103
53 57 103
53 58 103
53 59 103
53 60 103
53 61 103
53 62 103
53 63 103
53 64 103
53 65 103
53 66 103
53 67 103
53 68 103
53 69 103
53 70 103
53 71 103
53 72 103
53 73 103
53 74 103
53 75 103
53 76 103
53 77 103
53 78 103
53 79 103
53 80 103
53 81 103
53 82 103
53 83 103
53 84 103
53 85 103
53 86 103
53 87 103
53 88 103
53 89 103
53 90 103
53 91 103
53 92 103
53 93 103
53 94 103
53 95 103
53 96 103
53 97 103
53 98 103
53 99 103
53 100 103
54 55 103
54 56 103
54 57 103
54 58 103
54 59 103
54 60 103
54 61 103
54 62 103
54 63 103
54 64 103
54 65 103
54 66 103
54 67 103
54 68 103
54 69 103
54 70 103
54 71 103
54 72 103
54 73 103
54 74 103
54 75 103
54 76 103
54 77 103
54 78 103
54 79 103
54 80 103
54 81 103
54 82 103
54 83 103
54 84 103
54 85 103
54 86 103
54 87 103
54 88 103
54 89 103
54 90 103
54 91 103
54 92 103
54 93 103
54 94 103
54 95 103
54 96 103
54 97 103
54 98 103
54 99 103
54 100 103
55 56 103
55 57 103
55 58 103
55 59 103
55 60 103
55 61 103
55 62 103
55 63 103
55 64 103
55 65 103
55 66 103
55 67 103
55 68 103
55 69 103
55 70 103
55 71 103
55 72 103
55 73 103
55 74 103
55 75 103
55 76 103
55 77 103
55 78 103
55 79 103
55 80 103
55 81 103
55 82 103
55 83 103
55 84 103
55 85 103
55 86 103
55 87 103
55 88 103
55 89 103
55 90 103
55 91 103
55 92 103
55 93 103
55 94 103
55 95 103
55 96 103
55 97 103
55 98 103
55 99 103
55 100 103
56 57 103
56 58 103
56 59 103
56 60 103
56 61 103
56 62 103
56 63 103
56 64 103
56 65 103
56 66 103
56 67 103
56 68 103
56 69 103
56 70 103
56 71 103
56 72 103
56 73 103
56 74 103
56 75 103
56 76 103
56 77 103
56 78 103
56 79 103
56 80 103
56 81 103
56 82 103
56 83 103
56 84 103
56 85 103
56 86 103
56 87 103
56 88 103
56 89 103
56 90 103
56 91 103
56 92 103
56 93 103
56 94 103
56 95 103
56 96 103
56 97 103
56 98 103
56 99 103
56 100 103
57 58 103
57 59 103
57 60 103
57 61 103
57 62 103
57 63 103
57 64 103
57 65 103
57 66 103
57 67 103
57 68 103
57 69 103
57 70 103
57 71 103
57 72 103
57 73 103
57 74 103
57 75 103
57 76 103
57 77 103
57 78 103
57 79 103
57 80 103
57 81 103
57 82 103
57 83 103
57 84 103
57 85 103
57 86 103
57 87 103
57 88 103
57 89 103
57 90 103
57 91 103
57 92 103
57 93 103
57 94 103
57 95 103
57 96 103
57 97 103
57 98 103
57 99 103
57 100 103
58 59 103
58 60 103
58 61 103
58 62 103
58 63 103
58 64 103
58 65 103
58 66 103
58 67 103
58 68 103
58 69 103
58 70 103
58 71 103
58 72 103
58 73 103
58 74 103
58 75 103
58 76 103
58 77 103
58 78 103
58 79 103
58 80 103
58 81 103
58 82 103
58 83 103
58 84 103
58 85 103
58 86 103
58 87 103
58 88 103
58 89 103
58 90 103
58 91 103
58 92 103
58 93 103
58 94 103
58 95 103
58 96 103
58 97 103
58 98 103
58 99 103
58 100 103
59 60 103
59 61 103
59 62 103
59 63 103
59 64 103
59 65 103
59 66 103
59 67 103
59 68 103
59 69 103
59 70 103
59 71 103
59 72 103
59 73 103
59 74 103
59 75 103
59 76 103
59 77 103
59 78 103
59 79 103
59 80 103
59 81 103
59 82 103
59 83 103
59 84 103
59 85 103
59 86 103
59 87 103
59 88 103
59 89 103
59 90 103
59 91 103
59 92 103
59 93 103
59 94 103
59 95 103
59 96 103
59 97 103
59 98 103
59 99 103
59 100 103
60 61 103
60 62 103
60 63 103
60 64 103
60 65 103
60 66 103
60 67 103
60 68 103
60 69 103
60 70 103
60 71 103
60 72 103
60 73 103
60 74 103
60 75 103
60 76 103
60 77 103
60 78 103
60 79 103
60 80 103
60 81 103
60 82 103
60 83 103
60 84 103
60 85 103
60 86 103
60 87 103
60 88 103
60 89 103
60 90 103
60 91 103
60 92 103
60 93 103
60 94 103
60 95 103
60 96 103
60 97 103
60 98 103
60 99 103
60 100 103
61 62 103
61 63 103
61 64 103
61 65 103
61 66 103
61 67 103
61 68 103
61 69 103
61 70 103
61 71 103
61 72 103
61 73 103
61 74 103
61 75 103
61 76 103
61 77 103
61 78 103
61 79 103
61 80 103
61 81 103
61 82 103
61 83 103
61 84 103
61 85 103
61 86 103
61 87 103
61 88 103
61 89 103
61 90 103
61 91 103
61 92 103
61 93 103
61 94 103
61 95 103
61 96 103
61 97 103
61 98 103
61 99 103
61 100 103
62 63 103
62 64 103
62 65 103
62 66 103
62 67 103
62 68 103
62 69 103
62 70 103
62 71 103
62 72 103
62 73 103
62 74 103
62 75 103
62 76 103
62 77 103
62 78 103
62 79 103
62 80 103
62 81 103
62 82 103
62 83 103
62 84 103
62 85 103
62 86 103
62 87 103
62 88 103
62 89 103
62 90 103
62 91 103
62 92 103
62 93 103
62 94 103
62 95 103
62 96 103
62 97 103
62 98 103
62 99 103
62 100 103
63 64 103
63 65 103
63 66 103
63 67 103
63 68 103
63 69 103
63 70 103
63 71 103
63 72 103
63 73 103
63 74 103
63 75 103
63 76 103
63 77 103
63 78 103
63 79 103
63 80 103
63 81 103
63 82 103
63 83 103
63 84 103
63 85 103
63 86 103
63 87 103
63 88 103
63 89 103
63 90 103
63 91 103
63 92 103
63 93 103
63 94 103
63 95 103
63 96 103
63 97 103
63 98 103
63 99 103
63 100 103
64 65 103
64 66 103
64 67 103
64 68 103
64 69 103
64 70 103
64 71 103
64 72 103
64 73 103
64 74 103
64 75 103
64 76 103
64 77 103
64 78 103
64 79 103
64 80 103
64 81 103
64 82 103
64 83 103
64 84 103
64 85 103
64 86 103
64 87 103
64 88 103
64 89 103
64 90 103
64 91 103
64 92 103
64 93 103
64 94 103
64 95 103
64 96 103
64 97 103
64 98 103
64 99 103
64 100 103
65 66 103
65 67 103
65 68 103
65 69 103
65 70 103
65 71 103
65 72 103
65 73 103
65 74 103
65 75 103
65 76 103
65 77 103
65 78 103
65 79 103
65 80 103
65 81 103
65 82 103
65 83 103
65 84 103
65 85 103
65 86 103
65 87 103
65 88 103
65 89 103
65 90 103
65 91 103
65 92 103
65 93 103
65 94 103
65 95 103
65 96 103
65 97 103
65 98 103
65 99 103
65 100 103
66 67 103
66 68 103
66 69 103
66 70 103
66 71 103
66 72 103
66 73 103
66 74 103
66 75 103
66 76 103
66 77 103
66 78 103
66 79 103
66 80 103
66 81 103
66 82 103
66 83 103
66 84 103
66 85 103
66 86 103
66 87 103
66 88 103
66 89 103
66 90 103
66 91 103
66 92 103
66 93 103
66 94 103
66 95 103
66 96 103
66 97 103
66 98 103
66 99 103
66 100 103
67 68 103
67 69 103
67 70 103
67 71 103
67 72 103
67 73 103
67 74 103
67 75 103
67 76 103
67 77 103
67 78 103
67 79 103
67 80 103
67 81 103
67 82 103
67 83 103
67 84 103
67 85 103
67 86 103
67 87 103
67 88 103
67 89 103
67 90 103
67 91 103
67 92 103
67 93 103
67 94 103
67 95 103
67 96 103
67 97 103
67 98 103
67 99 103
67 100 103
68 69 103
68 70 103
68 71 103
68 72 103
68 73 103
68 74 103
68 75 103
68 76 103
68 77 103
68 78 103
68 79 103
68 80 103
68 81 103
68 82 103
68 83 103
68 84 103
68 85 103
68 86 103
68 87 103
68 88 103
68 89 103
68 90 103
68 91 103
68 92 103
68 93 103
68 94 103
68 95 103
68 96 103
68 97 103
68 98 103
68 99 103
68 100 103
69 70 103
69 71 103
69 72 103
69 73 103
69 74 103
69 75 103
69 76 103
69 77 103
69 78 103
69 79 103
69 80 103
69 81 103
69 82 103
69 83 103
69 84 103
69 85 103
69 86 103
69 87 103
69 88 103
69 89 103
69 90 103
69 91 103
69 92 103
69 93 103
69 94 103
69 95 103
69 96 103
69 97 103
69 98 103
69 99 103
69 100 103
70 71 103
70 72 103
70 73 103
70 74 103
70 75 103
70 76 103
70 77 103
70 78 103
70 79 103
70 80 103
70 81 103
70 82 103
70 83 103
70 84 103
70 85 103
70 86 103
70 87 103
70 88 103
70 89 103
70 90 103
70 91 103
70 92 103
70 93 103
70 94 103
70 95 103
70 96 103
70 97 103
70 98 103
70 99 103
70 100 103
71 72 103
71 73 103
71 74 103
71 75 103
71 76 103
71 77 103
71 78 103
71 79 103
71 80 103
71 81 103
71 82 103
71 83 103
71 84 103
71 85 103
71 86 103
71 87 103
71 88 103
71 89 103
71 90 103
71 91 103
71 92 103
71 93 103
71 94 103
71 95 103
71 96 103
71 97 103
71 98 103
71 99 103
71 100 103
72 73 103
72 74 103
72 75 103
72 76 103
72 77 103
72 78 103
72 79 103
72 80 103
72 81 103
72 82 103
72 83 103
72 84 103
72 85 103
72 86 103
72 87 103
72 88 103
72 89 103
72 90 103
72 91 103
72 92 103
72 93 103
72 94 103
72 95 103
72 96 103
72 97 103
72 98 103
72 99 103
72 100 103
73 74 103
73 75 103
73 76 103
73 77 103
73 78 103
73 79 103
73 80 103
73 81 103
73 82 103
73 83 103
73 84 103
73 85 103
73 86 103
73 87 103
73 88 103
73 89 103
73 90 103
73 91 103
73 92 103
73 93 103
73 94 103
73 95 103
73 96 103
73 97 103
73 98 103
73 99 103
73 100 103
74 75 103
74 76 103
74 77 103
74 78 103
74 79 103
74 80 103
74 81 103
74 82 103
74 83 103
74 84 103
74 85 103
74 86 103
74 87 103
74 88 103
74 89 103
74 90 103
74 91 103
74 92 103
74 93 103
74 94 103
74 95 103
74 96 103
74 97 103
74 98 103
74 99 103
74 100 103
75 76 103
75 77 103
75 78 103
75 79 103
75 80 103
75 81 103
75 82 103
75 83 103
75 84 103
75 85 103
75 86 103
75 87 103
75 88 103
75 89 103
75 90 103
75 91 103
75 92 103
75 93 103
75 94 103
75 95 103
75 96 103
75 97 103
75 98 103
75 99 103
75 100 103
76 77 103
76 78 103
76 79 103
76 80 103
76 81 103
76 82 103
76 83 103
76 84 103
76 85 103
76 86 103
76 87 103
76 88 103
76 89 103
76 90 103
76 91 103
76 92 103
76 93 103
76 94 103
76 95 103
76 96 103
76 97 103
76 98 103
76 99 103
76 100 103
77 78 103
77 79 103
77 80 103
77 81 103
77 82 103
77 83 103
77 84 103
77 85 103
77 86 103
77 87 103
77 88 103
77 89 103
77 90 103
77 91 103
77 92 103
77 93 103
77 94 103
77 95 103
77 96 103
77 97 103
77 98 103
77 99 103
77 100 103
78 79 103
78 80 103
78 81 103
78 82 103
78 83 103
78 84 103
78 85 103
78 86 103
78 87 103
78 88 103
78 89 103
78 90 103
78 91 103
78 92 103
78 93 103
78 94 103
78 95 103
78 96 103
78 97 103
78 98 103
78 99 103
78 100 103
79 80 103
79 81 103
79 82 103
79 83 103
79 84 103
79 85 103
79 86 103
79 87 103
79 88 103
79 89 103
79 90 103
79 91 103
79 92 103
79 93 103
79 94 103
79 95 103
79 96 103
79 97 103
79 98 103
79 99 103
79 100 103
80 81 103
80 82 103
80 83 103
80 84 103
80 85 103
80 86 103
80 87 103
80 88 103
80 89 103
80 90 103
80 91 103
80 92 103
80 93 103
80 94 103
80 95 103
80 96 103
80 97 103
80 98 103
80 99 103
80 100 103
81 82 103
81 83 103
81 84 103
81 85 103
81 86 103
81 87 103
81 88 103
81 89 103
81 90 103
81 91 103
81 92 103
81 93 103
81 94 103
81 95 103
81 96 103
81 97 103
81 98 103
81 99 103
81 100 103
82 83 103
82 84 103
82 85 103
82 86 103
82 87 103
82 88 103
82 89 103
82 90 103
82 91 103
82 92 103
82 93 103
82 94 103
82 95 103
82 96 103
82 97 103
82 98 103
82 99 103
82 100 103
83 84 103
83 85 103
83 86 103
83 87 103
83 88 103
83 89 103
83 90 103
83 91 103
83 92 103
83 93 103
83 94 103
83 95 103
83 96 103
83 97 103
83 98 103
83 99 103
83 100 103
84 85 103
84 86 103
84 87 103
84 88 103
84 89 103
84 90 103
84 91 103
84 92 103
84 93 103
84 94 103
84 95 103
84 96 103
84 97 103
84 98 103
84 99 103
84 100 103
85 86 103
85 87 103
85 88 103
85 89 103
85 90 103
85 91 103
85 92 103
85 93 103
85 94 103
85 95 103
85 96 103
85 97 103
85 98 103
85 99 103
85 100 103
86 87 103
86 88 103
86 89 103
86 90 103
86 91 103
86 92 103
86 93 103
86 94 103
86 95 103
86 96 103
86 97 103
86 98 103
86 99 103
86 100 103
87 88 103
87 89 103
87 90 103
87 91 103
87 92 103
87 93 103
87 94 103
87 95 103
87 96 103
87 97 103
87 98 103
87 99 103
87 100 103
88 89 103
88 90 103
88 91 103
88 92 103
88 93 103
88 94 103
88 95 103
88 96 103
88 97 103
88 98 103
88 99 103
88 100 103
89 90 103
89 91 103
89 92 103
89 93 103
89 94 103
89 95 103
89 96 103
89 97 103
89 98 103
89 99 103
89 100 103
90 91 103
90 92 103
90 93 103
90 94 103
90 95 103
90 96 103
90 97 103
90 98 103
90 99 103
90 100 103
91 92 103
91 93 103
91 94 103
91 95 103
91 96 103
91 97 103
91 98 103
91 99 103
91 100 103
92 93 103
92 94 103
92 95 103
92 96 103
92 97 103
92 98 103
92 99 103
92 100 103
93 94 103
93 95 103
93 96 103
93 97 103
93 98 103
93 99 103
93 100 103
94 95 103
94 96 103
94 97 103
94 98 103
94 99 103
94 100 103
95 96 103
95 97 103
95 98 103
95 99 103
95 100 103
96 97 103
96 98 103
96 99 103
96 100 103
97 98 103
97 99 103
97 100 103
98 99 103
98 100 103
99 100 103
